Q2	W2	x	F1	F2	R	A1	A2	g1	g2
       2.231870      13.554834       0.149740       0.997845       0.353793       0.225859       0.238600       0.046147       0.238310       0.006319
       2.353160      12.727240       0.165731       0.912552       0.352980       0.215007       0.258750       0.049263       0.235548      -0.013980
       2.443590      11.517851       0.186823       0.816005       0.349436       0.203815       0.284053       0.053422       0.229987      -0.035762
       2.443030       9.964183       0.211968       0.718799       0.341684       0.194021       0.312234       0.058716       0.220857      -0.055141
       2.442030       8.740825       0.237064       0.636273       0.330917       0.185966       0.339573       0.063372       0.210466      -0.068934
       2.443070       7.760152       0.262090       0.565212       0.317943       0.179562       0.366119       0.067385       0.199177      -0.078230
       2.443710       6.948430       0.287143       0.503143       0.303410       0.175004       0.391974       0.070814       0.187230      -0.083943
       2.445110       6.269189       0.312172       0.448715       0.288049       0.172717       0.417119       0.073645       0.174963      -0.086823
       2.445310       5.688473       0.337188       0.400890       0.272591       0.173629       0.441561       0.075877       0.162661      -0.087545
       2.445710       5.187981       0.362222       0.358961       0.257824       0.179037       0.465362       0.077423       0.150635      -0.086742
       2.445560       4.751781       0.387224       0.322515       0.244496       0.190553       0.488481       0.078176       0.139172      -0.084953
       2.450980       4.379910       0.411987       0.290866       0.232580       0.207457       0.510834       0.078015       0.128431      -0.082515
       2.531020       4.167742       0.435104       0.262424       0.219681       0.215754       0.532156       0.076453       0.118654      -0.079591
       2.623170       4.042240       0.453546       0.240567       0.208270       0.218381       0.554354       0.075031       0.111903      -0.077581
       2.765620      12.501709       0.192249       0.792186       0.348266       0.197269       0.293553       0.051786       0.230587      -0.041623
       2.893700      11.592671       0.212699       0.714502       0.342078       0.187505       0.317726       0.054670       0.223846      -0.057498
       2.912390      10.258042       0.236997       0.635154       0.332112       0.178178       0.344536       0.058577       0.213982      -0.071326
       2.910050       9.073973       0.262112       0.564040       0.319348       0.169963       0.371264       0.062224       0.202661      -0.081032
       2.910530       8.107531       0.287138       0.501927       0.304773       0.162976       0.397165       0.065283       0.190657      -0.086990
       2.911110       7.296195       0.312164       0.447044       0.288913       0.157359       0.422350       0.067822       0.178190      -0.089948
       2.910820       6.603423       0.337192       0.398304       0.272313       0.153448       0.446840       0.069864       0.165506      -0.090534
       2.910180       6.006038       0.362211       0.354957       0.255546       0.151822       0.470656       0.071413       0.152865      -0.089295
       2.909780       5.486564       0.387216       0.316475       0.239219       0.153434       0.493821       0.072434       0.140518      -0.086745
       2.910090       5.030748       0.412246       0.282444       0.223934       0.159675       0.516396       0.072854       0.128687      -0.083346
       2.910100       4.626757       0.437271       0.252578       0.210183       0.172024       0.538363       0.072584       0.117561      -0.079478
       2.930320       4.301365       0.461470       0.226632       0.197623       0.186968       0.559253       0.071510       0.107417      -0.075406
       3.048950       4.128803       0.484265       0.202508       0.183681       0.190550       0.579521       0.069489       0.098080      -0.071062
       3.155890       4.017282       0.501616       0.185051       0.172579       0.190997       0.601574       0.068000       0.092097      -0.068367
       3.235090      12.300744       0.220763       0.684216       0.338911       0.181457       0.329390       0.053488       0.222014      -0.063242
       3.368140      11.607230       0.238983       0.625777       0.331076       0.173104       0.350263       0.055331       0.214808      -0.073222
       3.471000      10.654105       0.262093       0.560286       0.319363       0.163299       0.375634       0.057652       0.204708      -0.082445
       3.472960       9.505471       0.287100       0.498572       0.304938       0.154338       0.401605       0.060420       0.192805      -0.088686
       3.471920       8.532450       0.312149       0.443803       0.289025       0.146419       0.426859       0.062734       0.180350      -0.091854
       3.471010       7.705084       0.337175       0.395006       0.272126       0.139609       0.451391       0.064583       0.167611      -0.092553
       3.470380       6.993263       0.362180       0.351348       0.254675       0.134077       0.475240       0.066002       0.154805      -0.091291
       3.470100       6.373515       0.387206       0.312145       0.237065       0.130147       0.498475       0.067014       0.142108      -0.088521
       3.470340       5.830207       0.412212       0.277025       0.219763       0.128412       0.521086       0.067618       0.129735      -0.084658
       3.469990       5.347792       0.437243       0.245635       0.203219       0.129898       0.543126       0.067795       0.117851      -0.080074
       3.470150       4.918631       0.462252       0.217819       0.187938       0.135956       0.564582       0.067465       0.106661      -0.075128
       3.469940       4.533151       0.487257       0.193298       0.174193       0.147883       0.585484       0.066556       0.096263      -0.070074
       3.517480       4.248811       0.510922       0.171909       0.161341       0.158861       0.605140       0.064997       0.086979      -0.065139
       3.670180       4.100675       0.532749       0.152351       0.147776       0.158637       0.623775       0.063185       0.078618      -0.060185
       3.892720      11.534780       0.267619       0.542173       0.315605       0.158149       0.383938       0.055580       0.202685      -0.084389
       4.042950      10.852577       0.288498       0.490501       0.303078       0.148637       0.406344       0.056816       0.192821      -0.089397
       4.140520      10.006224       0.312138       0.438522       0.287832       0.138666       0.430696       0.058248       0.181191      -0.092525
       4.138490       9.017915       0.337157       0.390095       0.270935       0.129769       0.455264       0.059970       0.168549      -0.093388
       4.139500       8.171701       0.362177       0.346599       0.253332       0.121817       0.479182       0.061284       0.155775      -0.092238
       4.140590       7.435413       0.387178       0.307465       0.235389       0.114908       0.502449       0.062240       0.143057      -0.089503
       4.141850       6.787857       0.412207       0.272134       0.217393       0.109186       0.525141       0.062871       0.130531      -0.085551
       4.142190       6.213682       0.437210       0.240325       0.199706       0.104997       0.547230       0.063198       0.118374      -0.080727
       4.141570       5.700461       0.462213       0.211733       0.182646       0.102912       0.568760       0.063229       0.106720      -0.075333
       4.140090       5.238836       0.487230       0.186168       0.166573       0.103886       0.589766       0.062933       0.095709      -0.069656
       4.139260       4.823119       0.512243       0.163503       0.151847       0.109186       0.610257       0.062232       0.085479      -0.063960
       4.138920       4.447004       0.537229       0.143538       0.138617       0.119844       0.630231       0.061061       0.076094      -0.058421
       4.239190       4.206205       0.560467       0.125868       0.125857       0.125158       0.648964       0.059273       0.067783      -0.053190
       4.417900       4.072583       0.580633       0.110926       0.113951       0.122698       0.663956       0.057584       0.060642      -0.048330
       4.629790      10.839054       0.317389       0.423562       0.282860       0.132773       0.438050       0.055836       0.178402      -0.093028
       4.779620      10.222519       0.338490       0.382290       0.268005       0.123110       0.459303       0.056354       0.167675      -0.093583
       4.920150       9.533720       0.362518       0.339895       0.250608       0.112725       0.482796       0.056776       0.155385      -0.092511
       4.938050       8.697460       0.387183       0.301553       0.232848       0.103923       0.505850       0.057544       0.142916      -0.089885
       4.937170       7.922694       0.412182       0.266559       0.214798       0.096139       0.528558       0.058124       0.130457      -0.085983
       4.935460       7.234984       0.437203       0.234896       0.196861       0.089369       0.550717       0.058438       0.118279      -0.081137
       4.935440       6.624216       0.462209       0.206288       0.179288       0.083708       0.572330       0.058504       0.106519      -0.075631
       4.936780       6.077630       0.487213       0.180486       0.162311       0.079411       0.593428       0.058343       0.095283      -0.069713
       4.937460       5.583639       0.512218       0.157327       0.146185       0.077003       0.614027       0.057970       0.084681      -0.063614
       4.937140       5.134921       0.537210       0.136710       0.131197       0.077339       0.634133       0.057358       0.074827      -0.057557
       4.938150       4.726968       0.562214       0.118503       0.117568       0.081508       0.653792       0.056424       0.065799      -0.051726
       4.949020       4.365326       0.586890       0.102638       0.105400       0.089625       0.672797       0.055108       0.057695      -0.046278
       5.126970       4.162609       0.609783       0.088240       0.093371       0.089581       0.690811       0.052991       0.050424      -0.041179
       5.331950       4.039031       0.628082       0.077337       0.083680       0.086134       0.697937       0.051265       0.044413      -0.036651
       5.465690      10.168425       0.370495       0.322750       0.242762       0.104993       0.492064       0.054333       0.150686      -0.091764
       5.597050       9.670395       0.389070       0.293788       0.228913       0.096847       0.509686       0.054269       0.141196      -0.089573
       5.757690       9.063258       0.413057       0.259580       0.211028       0.086926       0.531930       0.053991       0.129115      -0.085763
       5.872290       8.436930       0.437333       0.228518       0.193266       0.077992       0.553786       0.053682       0.117240      -0.081045
       5.883990       7.727932       0.462207       0.200353       0.175792       0.070695       0.575382       0.053616       0.105601      -0.075582
       5.887880       7.078642       0.487214       0.174799       0.158724       0.064371       0.596570       0.053385       0.094379      -0.069632
       5.888550       6.489606       0.512207       0.151781       0.142314       0.059107       0.617256       0.052993       0.083721      -0.063430
       5.887080       5.953669       0.537190       0.131123       0.126729       0.055097       0.637465       0.052467       0.073705      -0.057159
       5.886480       5.465795       0.562194       0.112669       0.112127       0.052702       0.657247       0.051784       0.064396      -0.050989
       5.886140       5.019663       0.587200       0.096363       0.098728       0.052643       0.676602       0.050910       0.055883      -0.045090
       5.885710       4.609909       0.612209       0.082125       0.086704       0.055909       0.695541       0.049768       0.048227      -0.039602
       5.940280       4.279774       0.636118       0.069941       0.076077       0.060382       0.713463       0.048194       0.041566      -0.034689
       6.211610       4.113682       0.657761       0.059007       0.065868       0.056976       0.728549       0.045896       0.035589      -0.030125
       6.535500       9.072928       0.443786       0.216740       0.186066       0.070021       0.561034       0.050880       0.113166      -0.079339
       6.676920       8.600968       0.463798       0.193919       0.171663       0.062764       0.578658       0.050247       0.103713      -0.074806
       6.837770       8.054587       0.488041       0.168751       0.154726       0.054759       0.599562       0.049354       0.092707      -0.068945
       6.978130       7.517524       0.512573       0.145879       0.138304       0.047620       0.620224       0.048361       0.082141      -0.062781
       7.003400       6.914273       0.537237       0.125713       0.122911       0.042198       0.640326       0.047665       0.072277      -0.056560
       7.005550       6.336559       0.562226       0.107491       0.108215       0.037785       0.660216       0.046929       0.062960      -0.050315
       7.008770       5.808190       0.587233       0.091244       0.094457       0.034388       0.679710       0.046085       0.054341      -0.044247
       7.012420       5.323736       0.612201       0.076927       0.081813       0.032323       0.698774       0.045124       0.046497      -0.038502
       7.016570       4.876811       0.637195       0.064444       0.070399       0.032136       0.717474       0.044001       0.039464      -0.033187
       7.020170       4.463151       0.662180       0.053728       0.060326       0.034567       0.735794       0.042619       0.033277      -0.028398
       7.206080       4.196569       0.684928       0.044621       0.051436       0.034704       0.752663       0.040598       0.028019      -0.024239
       7.548590       4.057614       0.703865       0.037326       0.043999       0.031187       0.754780       0.038498       0.023439      -0.020452
       7.743530       7.977856       0.521813       0.134587       0.129950       0.039921       0.629245       0.045547       0.077265      -0.059858
       7.872300       7.604935       0.539364       0.120334       0.118905       0.035388       0.643705       0.044672       0.070245      -0.055355
       8.042480       7.122662       0.563064       0.102818       0.104696       0.029932       0.662905       0.043412       0.061300      -0.049329
       8.205170       6.636809       0.587752       0.086586       0.090846       0.025090       0.682509       0.042044       0.052677      -0.043229
       8.346120       6.164003       0.612406       0.072304       0.078058       0.021121       0.701687       0.040635       0.044804      -0.037424
       8.361670       5.643249       0.637167       0.059979       0.066564       0.020000       0.720373       0.039624       0.037730      -0.031987
       8.349050       5.140785       0.662197       0.049274       0.056160       0.020000       0.738851       0.038609       0.031407      -0.026987
       8.342510       4.679488       0.687176       0.040245       0.047028       0.020000       0.756955       0.037338       0.025954      -0.022591
       8.404830       4.296303       0.711104       0.032820       0.039276       0.020000       0.774127       0.035634       0.021404      -0.018865
       8.823510       4.113423       0.731925       0.026364       0.032423       0.020000       0.788107       0.033286       0.017448      -0.015551
       9.236280       6.499624       0.621797       0.064758       0.071577       0.020000       0.710249       0.037821       0.040898      -0.034523
       9.358810       6.161629       0.639319       0.056154       0.063461       0.020000       0.723633       0.036833       0.035915      -0.030644
       9.513390       5.720481       0.662855       0.045959       0.053441       0.020000       0.741340       0.035487       0.029865      -0.025824
       9.649450       5.263590       0.687708       0.036806       0.044026       0.020000       0.759691       0.034062       0.024285      -0.021269
       9.767620       4.825302       0.712383       0.029227       0.035897       0.020000       0.777584       0.032534       0.019551      -0.017330
       9.887360       4.407478       0.737141       0.022978       0.028944       0.020000       0.795249       0.030740       0.015567      -0.013963
      10.316100       4.160800       0.758806       0.017946       0.023211       0.020000       0.811027       0.025114       0.012328      -0.011312
      10.879100       4.018866       0.776178       0.014275       0.018910       0.020000       0.821100       0.026352       0.009945      -0.009094
