2.2277	2.6594	0.125	0.15	1.01865	0.0712967	2.23228	0.149701
2.2277	2.6594	0.15	0.175	0.977239	0.0028258	2.35408	0.165681
2.2277	2.6594	0.175	0.2	0.982114	0.00231219	2.44396	0.186776
2.2277	2.6594	0.2	0.225	0.984037	0.00270463	2.44247	0.211943
2.2277	2.6594	0.225	0.25	0.981798	0.00305387	2.44186	0.237036
2.2277	2.6594	0.25	0.275	0.982964	0.00342236	2.44289	0.26205
2.2277	2.6594	0.275	0.3	0.983284	0.00380424	2.44377	0.287068
2.2277	2.6594	0.3	0.325	0.985288	0.0042121	2.44485	0.312097
2.2277	2.6594	0.325	0.35	0.979364	0.00462166	2.44575	0.337102
2.2277	2.6594	0.35	0.375	0.976533	0.0050787	2.44558	0.362102
2.2277	2.6594	0.375	0.4	0.979735	0.0055833	2.44621	0.387109
2.2277	2.6594	0.4	0.425	0.987112	0.00623903	2.45128	0.411844
2.2277	2.6594	0.425	0.45	0.976775	0.00897305	2.53115	0.434987
2.2277	2.6594	0.45	0.475	1.01032	0.0313691	2.62324	0.453402
2.6594	3.1747	0.175	0.2	0.975188	0.00404049	2.76625	0.192183
2.6594	3.1747	0.2	0.225	0.97403	0.00262957	2.89455	0.21264
2.6594	3.1747	0.225	0.25	0.973138	0.00290046	2.91283	0.236954
2.6594	3.1747	0.25	0.275	0.979575	0.00327865	2.91007	0.262046
2.6594	3.1747	0.275	0.3	0.977039	0.00362815	2.91015	0.2871
2.6594	3.1747	0.3	0.325	0.980328	0.00402104	2.91079	0.312104
2.6594	3.1747	0.325	0.35	0.983621	0.00441601	2.91036	0.33711
2.6594	3.1747	0.35	0.375	0.979534	0.0048227	2.91033	0.362126
2.6594	3.1747	0.375	0.4	0.970216	0.00523291	2.90965	0.387116
2.6594	3.1747	0.4	0.425	0.969416	0.00571679	2.91002	0.412138
2.6594	3.1747	0.425	0.45	0.979627	0.00628505	2.90981	0.437127
2.6594	3.1747	0.45	0.475	0.969976	0.00711985	2.92958	0.461334
2.6594	3.1747	0.475	0.5	0.968959	0.0119026	3.04944	0.484099
2.6594	3.1747	0.5	0.525	1.10491	0.0918926	3.15589	0.501455
3.1747	3.7899	0.2	0.225	0.964977	0.00885595	3.23581	0.220703
3.1747	3.7899	0.225	0.25	0.965596	0.00357373	3.36919	0.238933
3.1747	3.7899	0.25	0.275	0.971775	0.00321989	3.4713	0.262033
3.1747	3.7899	0.275	0.3	0.971669	0.00359716	3.47343	0.287035
3.1747	3.7899	0.3	0.325	0.975904	0.00401342	3.47219	0.312071
3.1747	3.7899	0.325	0.35	0.974081	0.00441315	3.472	0.337089
3.1747	3.7899	0.35	0.375	0.973986	0.00484758	3.47119	0.362109
3.1747	3.7899	0.375	0.4	0.972213	0.00529543	3.47066	0.387124
3.1747	3.7899	0.4	0.425	0.96839	0.0057882	3.4704	0.412147
3.1747	3.7899	0.425	0.45	0.957316	0.00626733	3.46931	0.437135
3.1747	3.7899	0.45	0.475	0.963539	0.00689749	3.46901	0.462144
3.1747	3.7899	0.475	0.5	0.975193	0.00755949	3.46883	0.487113
3.1747	3.7899	0.5	0.525	0.974487	0.00920035	3.51662	0.510736
3.1747	3.7899	0.525	0.55	0.958615	0.0177684	3.66992	0.532639
3.7899	4.5243	0.25	0.275	0.965873	0.007341	3.89344	0.267523
3.7899	4.5243	0.275	0.3	0.966288	0.00435402	4.04498	0.288433
3.7899	4.5243	0.3	0.325	0.965563	0.00409538	4.14086	0.312085
3.7899	4.5243	0.325	0.35	0.965526	0.00452025	4.13854	0.337101
3.7899	4.5243	0.35	0.375	0.97402	0.00498176	4.13936	0.362097
3.7899	4.5243	0.375	0.4	0.972222	0.00546488	4.14061	0.387118
3.7899	4.5243	0.4	0.425	0.966341	0.00595092	4.14194	0.412102
3.7899	4.5243	0.425	0.45	0.962484	0.00650636	4.1424	0.437144
3.7899	4.5243	0.45	0.475	0.985224	0.00726889	4.14237	0.462115
3.7899	4.5243	0.475	0.5	0.968877	0.00787385	4.1411	0.487127
3.7899	4.5243	0.5	0.525	0.949616	0.00851272	4.13994	0.512081
3.7899	4.5243	0.525	0.55	0.959282	0.00941723	4.13977	0.537079
3.7899	4.5243	0.55	0.575	0.954797	0.0124395	4.23939	0.560342
3.7899	4.5243	0.575	0.6	0.991046	0.0317355	4.41887	0.580546
4.5243	5.4009	0.3	0.325	0.966988	0.0100381	4.63107	0.3173
4.5243	5.4009	0.325	0.35	0.968294	0.00605648	4.78173	0.338414
4.5243	5.4009	0.35	0.375	0.965596	0.00539938	4.92209	0.362427
4.5243	5.4009	0.375	0.4	0.95629	0.00577419	4.93948	0.387151
4.5243	5.4009	0.4	0.425	0.966644	0.00638535	4.93706	0.412138
4.5243	5.4009	0.425	0.45	0.973597	0.00700374	4.93483	0.437127
4.5243	5.4009	0.45	0.475	0.975127	0.0076801	4.93505	0.462118
4.5243	5.4009	0.475	0.5	0.972419	0.00835851	4.93588	0.487088
4.5243	5.4009	0.5	0.525	0.959731	0.00907073	4.93743	0.512089
4.5243	5.4009	0.525	0.55	0.960887	0.0100095	4.93707	0.537138
4.5243	5.4009	0.55	0.575	0.962827	0.0110513	4.93912	0.562121
4.5243	5.4009	0.575	0.6	0.95055	0.0122065	4.94841	0.586748
4.5243	5.4009	0.6	0.625	1.00581	0.0196097	5.12864	0.6097
4.5243	5.4009	0.625	0.65	0.934723	0.0751551	5.33026	0.627866
5.4009	6.4475	0.35	0.375	0.980188	0.0245904	5.46636	0.370425
5.4009	6.4475	0.375	0.4	0.975841	0.0101473	5.59919	0.389003
5.4009	6.4475	0.4	0.425	0.946899	0.00800723	5.76097	0.413036
5.4009	6.4475	0.425	0.45	0.966153	0.00779969	5.87375	0.437249
5.4009	6.4475	0.45	0.475	0.955122	0.00836973	5.88785	0.462162
5.4009	6.4475	0.475	0.5	0.969587	0.00928343	5.88957	0.487108
5.4009	6.4475	0.5	0.525	0.973269	0.0102051	5.89054	0.512063
5.4009	6.4475	0.525	0.55	0.965865	0.0111516	5.88898	0.537136
5.4009	6.4475	0.55	0.575	0.974246	0.0123317	5.88459	0.562093
5.4009	6.4475	0.575	0.6	0.95903	0.0135208	5.88455	0.587091
5.4009	6.4475	0.6	0.625	0.959524	0.0149585	5.88716	0.612067
5.4009	6.4475	0.625	0.65	0.941559	0.0175332	5.93934	0.635931
5.4009	6.4475	0.65	0.675	0.921828	0.0336742	6.20864	0.657623
6.4475	7.6969	0.425	0.45	0.973895	0.03008	6.53769	0.443649
6.4475	7.6969	0.45	0.475	0.947939	0.0152616	6.67854	0.463722
6.4475	7.6969	0.475	0.5	0.937292	0.0126461	6.83605	0.487952
6.4475	7.6969	0.5	0.525	0.933829	0.0119732	6.9763	0.51242
6.4475	7.6969	0.525	0.55	0.938095	0.0127463	7.00373	0.537124
6.4475	7.6969	0.55	0.575	0.951213	0.0140923	7.00549	0.562212
6.4475	7.6969	0.575	0.6	0.957811	0.0156465	7.00819	0.587135
6.4475	7.6969	0.6	0.625	0.92704	0.0166444	7.01521	0.612026
6.4475	7.6969	0.625	0.65	0.917064	0.0183672	7.01681	0.637018
6.4475	7.6969	0.65	0.675	0.943272	0.0208551	7.01794	0.662029
6.4475	7.6969	0.675	0.7	0.983031	0.0299245	7.20595	0.6847
6.4475	7.6969	0.7	0.725	0.863937	0.0904577	7.5461	0.703807
7.6969	9.1884	0.5	0.525	0.93638	0.0922315	7.74557	0.521652
7.6969	9.1884	0.525	0.55	0.934309	0.0305117	7.87263	0.539271
7.6969	9.1884	0.55	0.575	0.922245	0.0234335	8.04277	0.563085
7.6969	9.1884	0.575	0.6	0.905083	0.0214031	8.20311	0.587732
7.6969	9.1884	0.6	0.625	0.946093	0.0217339	8.33224	0.612382
7.6969	9.1884	0.625	0.65	0.958461	0.0241667	8.35421	0.637094
7.6969	9.1884	0.65	0.675	0.929454	0.0260668	8.34095	0.661994
7.6969	9.1884	0.675	0.7	0.888582	0.0280415	8.33672	0.686992
7.6969	9.1884	0.7	0.725	0.921884	0.0333219	8.39781	0.711004
7.6969	9.1884	0.725	0.75	0.891881	0.0735386	8.81626	0.73172
