2.2277	2.6594	0.125	0.15	1.08664	0.0593249	2.23228	0.149701
2.2277	2.6594	0.15	0.175	0.990367	0.00218603	2.35408	0.165681
2.2277	2.6594	0.175	0.2	0.992246	0.00178764	2.44396	0.186776
2.2277	2.6594	0.2	0.225	0.995018	0.00210051	2.44247	0.211943
2.2277	2.6594	0.225	0.25	0.996474	0.0023819	2.44186	0.237036
2.2277	2.6594	0.25	0.275	0.996775	0.00267641	2.44289	0.26205
2.2277	2.6594	0.275	0.3	0.986007	0.00294494	2.44377	0.287068
2.2277	2.6594	0.3	0.325	0.995157	0.00329275	2.44485	0.312097
2.2277	2.6594	0.325	0.35	0.999055	0.00364932	2.44575	0.337102
2.2277	2.6594	0.35	0.375	0.997782	0.00402041	2.44558	0.362102
2.2277	2.6594	0.375	0.4	0.997248	0.00441243	2.44621	0.387109
2.2277	2.6594	0.4	0.425	1.0018	0.0049245	2.45128	0.411844
2.2277	2.6594	0.425	0.45	1.0107	0.00720175	2.53115	0.434987
2.2277	2.6594	0.45	0.475	1.00076	0.0245032	2.62324	0.453402
2.6594	3.1747	0.175	0.2	0.986223	0.00312199	2.76625	0.192183
2.6594	3.1747	0.2	0.225	0.987018	0.00203937	2.89455	0.21264
2.6594	3.1747	0.225	0.25	0.987908	0.00225784	2.91283	0.236954
2.6594	3.1747	0.25	0.275	0.991332	0.00255338	2.91007	0.262046
2.6594	3.1747	0.275	0.3	0.991758	0.00283247	2.91015	0.2871
2.6594	3.1747	0.3	0.325	0.992084	0.0031402	2.91079	0.312104
2.6594	3.1747	0.325	0.35	0.978253	0.0034033	2.91036	0.33711
2.6594	3.1747	0.35	0.375	0.988299	0.00377701	2.91033	0.362126
2.6594	3.1747	0.375	0.4	0.984932	0.00412457	2.90965	0.387116
2.6594	3.1747	0.4	0.425	0.989367	0.00452577	2.91002	0.412138
2.6594	3.1747	0.425	0.45	0.99147	0.00494013	2.90981	0.437127
2.6594	3.1747	0.45	0.475	0.979842	0.00561274	2.92958	0.461334
2.6594	3.1747	0.475	0.5	0.971628	0.00925741	3.04944	0.484099
2.6594	3.1747	0.5	0.525	1.02489	0.0683418	3.15589	0.501455
3.1747	3.7899	0.2	0.225	0.965238	0.00677484	3.23581	0.220703
3.1747	3.7899	0.225	0.25	0.977382	0.00276751	3.36919	0.238933
3.1747	3.7899	0.25	0.275	0.980059	0.00249563	3.4713	0.262033
3.1747	3.7899	0.275	0.3	0.981998	0.00280139	3.47343	0.287035
3.1747	3.7899	0.3	0.325	0.986816	0.0031276	3.47219	0.312071
3.1747	3.7899	0.325	0.35	0.977615	0.00341681	3.472	0.337089
3.1747	3.7899	0.35	0.375	0.983709	0.0037896	3.47119	0.362109
3.1747	3.7899	0.375	0.4	0.986428	0.00417439	3.47066	0.387124
3.1747	3.7899	0.4	0.425	0.979917	0.00455147	3.4704	0.412147
3.1747	3.7899	0.425	0.45	0.982519	0.00499123	3.46931	0.437135
3.1747	3.7899	0.45	0.475	0.984757	0.0054609	3.46901	0.462144
3.1747	3.7899	0.475	0.5	0.977919	0.00593763	3.46883	0.487113
3.1747	3.7899	0.5	0.525	0.981959	0.00725434	3.51662	0.510736
3.1747	3.7899	0.525	0.55	0.987011	0.014252	3.66992	0.532639
3.7899	4.5243	0.25	0.275	0.972433	0.00568034	3.89344	0.267523
3.7899	4.5243	0.275	0.3	0.973965	0.00337087	4.04498	0.288433
3.7899	4.5243	0.3	0.325	0.980733	0.00319358	4.14086	0.312085
3.7899	4.5243	0.325	0.35	0.981638	0.00353678	4.13854	0.337101
3.7899	4.5243	0.35	0.375	0.987709	0.00392559	4.13936	0.362097
3.7899	4.5243	0.375	0.4	0.9897	0.0043108	4.14061	0.387118
3.7899	4.5243	0.4	0.425	0.974559	0.00465804	4.14194	0.412102
3.7899	4.5243	0.425	0.45	0.989301	0.00519355	4.1424	0.437144
3.7899	4.5243	0.45	0.475	0.982472	0.0056754	4.14237	0.462115
3.7899	4.5243	0.475	0.5	0.979514	0.00623158	4.1411	0.487127
3.7899	4.5243	0.5	0.525	0.977553	0.0068302	4.13994	0.512081
3.7899	4.5243	0.525	0.55	0.976231	0.00748267	4.13977	0.537079
3.7899	4.5243	0.55	0.575	0.977481	0.00998937	4.23939	0.560342
3.7899	4.5243	0.575	0.6	0.937505	0.0239636	4.41887	0.580546
4.5243	5.4009	0.3	0.325	0.961765	0.00765205	4.63107	0.3173
4.5243	5.4009	0.325	0.35	0.978019	0.00472811	4.78173	0.338414
4.5243	5.4009	0.35	0.375	0.973449	0.00421105	4.92209	0.362427
4.5243	5.4009	0.375	0.4	0.970098	0.00451489	4.93948	0.387151
4.5243	5.4009	0.4	0.425	0.982552	0.0050281	4.93706	0.412138
4.5243	5.4009	0.425	0.45	0.97793	0.00549078	4.93483	0.437127
4.5243	5.4009	0.45	0.475	0.966681	0.0059281	4.93505	0.462118
4.5243	5.4009	0.475	0.5	0.971416	0.00652192	4.93588	0.487088
4.5243	5.4009	0.5	0.525	0.971669	0.00716481	4.93743	0.512089
4.5243	5.4009	0.525	0.55	0.977899	0.00797655	4.93707	0.537138
4.5243	5.4009	0.55	0.575	0.984318	0.0088479	4.93912	0.562121
4.5243	5.4009	0.575	0.6	0.967962	0.00972785	4.94841	0.586748
4.5243	5.4009	0.6	0.625	0.988903	0.0152217	5.12864	0.6097
4.5243	5.4009	0.625	0.65	0.958687	0.0577054	5.33026	0.627866
5.4009	6.4475	0.35	0.375	0.939856	0.0181426	5.46636	0.370425
5.4009	6.4475	0.375	0.4	0.954981	0.00768455	5.59919	0.389003
5.4009	6.4475	0.4	0.425	0.944647	0.00616262	5.76097	0.413036
5.4009	6.4475	0.425	0.45	0.959803	0.00601062	5.87375	0.437249
5.4009	6.4475	0.45	0.475	0.980639	0.0066919	5.88785	0.462162
5.4009	6.4475	0.475	0.5	0.974003	0.00727865	5.88957	0.487108
5.4009	6.4475	0.5	0.525	0.987669	0.00811624	5.89054	0.512063
5.4009	6.4475	0.525	0.55	0.976285	0.00885069	5.88898	0.537136
5.4009	6.4475	0.55	0.575	0.95317	0.00951249	5.88459	0.562093
5.4009	6.4475	0.575	0.6	0.95744	0.0105327	5.88455	0.587091
5.4009	6.4475	0.6	0.625	0.966494	0.0117212	5.88716	0.612067
5.4009	6.4475	0.625	0.65	0.929214	0.0133539	5.93934	0.635931
5.4009	6.4475	0.65	0.675	0.960504	0.0269392	6.20864	0.657623
6.4475	7.6969	0.425	0.45	0.917205	0.0223096	6.53769	0.443649
6.4475	7.6969	0.45	0.475	0.956132	0.0119782	6.67854	0.463722
6.4475	7.6969	0.475	0.5	0.956351	0.0100874	6.83605	0.487952
6.4475	7.6969	0.5	0.525	0.956597	0.00953493	6.9763	0.51242
6.4475	7.6969	0.525	0.55	0.940713	0.0100271	7.00373	0.537124
6.4475	7.6969	0.55	0.575	0.939286	0.0109197	7.00549	0.562212
6.4475	7.6969	0.575	0.6	0.965684	0.0123149	7.00819	0.587135
6.4475	7.6969	0.6	0.625	0.963168	0.0135659	7.01521	0.612026
6.4475	7.6969	0.625	0.65	0.980985	0.0153391	7.01681	0.637018
6.4475	7.6969	0.65	0.675	0.933662	0.0160487	7.01794	0.662029
6.4475	7.6969	0.675	0.7	0.968397	0.0234747	7.20595	0.6847
6.4475	7.6969	0.7	0.725	0.978164	0.0820698	7.5461	0.703807
7.6969	9.1884	0.5	0.525	1.08925	0.085197	7.74557	0.521652
7.6969	9.1884	0.525	0.55	0.939038	0.0234901	7.87263	0.539271
7.6969	9.1884	0.55	0.575	0.925128	0.0182722	8.04277	0.563085
7.6969	9.1884	0.575	0.6	0.925801	0.0170125	8.20311	0.587732
7.6969	9.1884	0.6	0.625	0.930367	0.016889	8.33224	0.612382
7.6969	9.1884	0.625	0.65	0.921828	0.0181764	8.35421	0.637094
7.6969	9.1884	0.65	0.675	0.925812	0.0203758	8.34095	0.661994
7.6969	9.1884	0.675	0.7	0.952343	0.0227831	8.33672	0.686992
7.6969	9.1884	0.7	0.725	0.94517	0.0269455	8.39781	0.711004
7.6969	9.1884	0.725	0.75	0.875965	0.0521773	8.81626	0.73172
