#run	species	cell	charge_avg_online	charge_avg_offline	charge_avg_offline_err	run_dose(Pe/cm2)
16137	p	15	0.6343	0.6089	0.000803	0.322977652
16138	p	15	0.6332	0.6044	0.000851	0.276974634
16144	p	15	0.6306	0.5974	0.001062	0.175719647
16145	p	15	0.6284	0.594	0.001109	0.160738561
16146	p	15	0.6261	0.5911	0.002156	0.044776158
16148	p	15	0.6284	0.5947	0.001119	0.162090176
16156	p	15	-0.5815	-0.5445	0.001846	0.051398639
16157	p	15	-0.5772	-0.5411	0.001473	0.074165055
16158	p	15	-0.5768	-0.5403	0.0017	0.061797913
16164	p	15	-0.5839	-0.5461	0.005921	0.003889388
16166	p	15	-0.5813	-0.5453	0.001944	0.041715686
16167	p	15	-0.5796	-0.5432	0.001191	0.107184914
16168	p	15	-0.5826	-0.5457	0.003212	0.010510851
16169	p	15	-0.5826	-0.5455	0.002605	0.021893529
16170	p	15	-0.5789	-0.5417	0.000986	0.174286243
16178	p	15	-0.5728	-0.5349	0.001259	0.114582786
16211	p	15	0.6854	0.6648	0.001472	0.152875542
16213	p	15	0.6966	0.6752	0.001834	0.098967377
16214	p	15	0.6976	0.6755	0.001523	0.157553104
16221	p	15	0.6975	0.6746	0.001512	0.151032927
16222	p	15	0.6926	0.6689	0.001432	0.176738196
16223	p	15	0.6887	0.664	0.001333	0.203330626
16224	p	15	0.6878	0.6626	0.005007	0.012182136
16225	p	15	0.6885	0.6632	0.002572	0.052037753
16226	p	15	0.6872	0.6615	0.002718	0.044114381
16228	p	15	0.6873	0.6613	0.00207	0.085466588
16231	p	15	-0.5166	-0.4938	0.001322	0.092881706
16232	p	15	-0.5703	-0.5455	0.001114	0.181494246
16233	p	15	-0.5852	-0.5595	0.001121	0.195537741
16234	p	15	-0.5906	-0.5642	0.002635	0.036991716
16235	p	15	-0.5922	-0.5657	0.003977	0.016117881
16236	p	15	-0.5938	-0.5672	0.002178	0.051528286
16238	p	15	-0.5946	-0.5678	0.003305	0.022269139
16243	p	15	-0.5993	-0.572	0.00143	0.119535714
16244	p	15	-0.6003	-0.5727	0.001668	0.08708928
16245	p	15	-0.6015	-0.5733	0.001103	0.208973434
16246	p	15	-0.6046	-0.5759	0.001155	0.19367887
16248	p	15	-0.6045	-0.5753	0.001193	0.178115739
16249	p	15	-0.6058	-0.5764	0.002549	0.035278814
16250	p	15	-0.6047	-0.5753	0.002981	0.026299403
16251	p	15	-0.6053	-0.5756	0.002425	0.041025451
16252	p	15	-0.6065	-0.5768	0.002151	0.052342261
16253	p	15	-0.606	-0.5762	0.001313	0.136124047
16256	p	15	-0.6039	-0.5738	0.001181	0.183492217
16257	p	15	-0.602	-0.5717	0.001158	0.189341012
16259	p	15	-0.5981	-0.568	0.001207	0.167366885
16260	p	15	-0.5968	-0.5667	0.001605	0.098104626
16317	p	15	0.6177	0.6119	0.008856	0.025380817
16318	p	15	0.6051	0.5986	0.003995	0.12275691
16320	p	15	0.5963	0.5887	0.003472	0.156949585
16321	p	15	0.5903	0.5815	0.008472	0.131564773
16322	p	15	0.6106	0.5987	0.008428	0.077782973
16323	p	15	0.6138	0.6008	0.009782	0.047149399
16325	p	15	0.6162	0.6027	0.024539	0.010328044
16326	p	15	0.6136	0.6	0.015072	0.026489861
16328	p	15	0.6066	0.5905	0.007312	0.172955494
16329	p	15	0.6039	0.5867	0.006993	0.1980576
16330	p	15	0.6003	0.5818	0.00679	0.220586043
16331	p	15	0.5994	0.58	0.011086	0.071417729
16332	p	15	0.6013	0.5813	0.027529	0.010945552
16333	p	15	0.6023	0.5822	0.014954	0.031640059
16335	p	15	-0.5117	-0.5048	0.005735	0.159741663
16336	p	15	-0.5248	-0.5175	0.007639	0.092415116
16337	p	15	-0.5268	-0.5191	0.009432	0.064219777
16338	p	15	-0.532	-0.524	0.006651	0.137778471
16339	p	15	-0.5356	-0.5273	0.011442	0.043685315
16341	p	15	-0.5362	-0.5275	0.006018	0.163558231
16343	p	15	-0.5336	-0.5242	0.006232	0.155888789
16345	p	15	-0.5309	-0.521	0.011255	0.047713268
16346	p	15	-0.5352	-0.5249	0.005679	0.188092528
16348	p	15	-0.5326	-0.5216	0.005738	0.180702125
16350	p	15	-0.5347	-0.5235	0.006606	0.132281055
16352	p	15	-0.536	-0.5243	0.005826	0.166787431
16353	p	15	-0.5343	-0.5221	0.005644	0.187949735
16354	p	15	-0.5328	-0.5202	0.005682	0.173467696
16355	p	15	-0.5322	-0.5192	0.005731	0.174253749
16356	p	15	-0.5323	-0.5187	0.00587	0.167472278
16357	p	15	-0.5303	-0.5164	0.007376	0.110160509
16658	p	15	0.3546	0.3557	0.000668	0.071259799
16659	p	15	0.383	0.3838	0.000683	0.079091517
16660	p	15	0.4015	0.4021	0.000806	0.059571108
16664	p	15	0.447	0.4473	0.001646	0.016573839
16665	p	15	0.4674	0.4672	0.000511	0.203759125
16666	p	15	0.4813	0.4803	0.000784	0.093157808
16671	p	15	0.4935	0.492	0.00058	0.172402724
16672	p	15	0.5063	0.504	0.000588	0.165159383
16673	p	15	0.5104	0.5077	0.001637	0.023106831
16674	p	15	0.5135	0.5107	0.001072	0.054380663
16675	p	15	0.5638	0.5555	0.000671	0.161060075
16676	p	15	0.575	0.5652	0.000757	0.18766109
16678	p	15	0.5755	0.5648	0.001241	0.068742492
16679	p	15	0.5749	0.5638	0.001172	0.073514312
16681	p	15	0.5744	0.5625	0.000735	0.20515157
16682	p	15	0.5733	0.5603	0.000735	0.190238352
16683	p	15	0.5712	0.5576	0.000733	0.190172951
16685	p	15	0.5757	0.5613	0.001619	0.036767851
16687	p	15	0.5708	0.5558	0.005386	0.003628747
16688	p	15	0.5711	0.5552	0.000713	0.204621352
16689	p	15	0.5698	0.5533	0.001282	0.064009208
16690	p	15	0.5702	0.5533	0.002004	0.025742745
16692	p	15	0.5696	0.5524	0.000792	0.154332611
16693	p	15	0.5687	0.5511	0.00073	0.190988317
16695	p	15	0.5697	0.5519	0.004129	0.00628938
16709	p	15	0.5815	0.5751	0.00098	0.059758705
16710	p	15	0.5779	0.571	0.001019	0.054367122
16711	p	15	0.5724	0.5648	0.000551	0.200836249
16712	p	15	0.5651	0.5565	0.000517	0.207043795
16713	p	15	0.5691	0.5589	0.000525	0.210732092
16715	p	15	0.5705	0.5593	0.000709	0.111372678
16716	p	15	0.5684	0.5568	0.000776	0.094168529
16717	p	15	0.5693	0.557	0.000621	0.148677776
16718	p	15	0.5686	0.5561	0.001138	0.044388758
16719	p	15	0.568	0.555	0.00056	0.178600312
16720	p	15	0.5656	0.5522	0.000741	0.105039025
16721	p	15	-0.2661	-0.2577	0.001069	0.011002907
16722	p	15	-0.3898	-0.3806	0.001027	0.024591573
16723	p	15	-0.4951	-0.485	0.00054	0.149800547
16726	p	15	-0.5045	-0.4936	0.000468	0.2120643
16727	p	15	-0.509	-0.4978	0.000526	0.166872787
16728	p	15	-0.5116	-0.4998	0.000485	0.185923657
16729	p	15	-0.5124	-0.5003	0.001001	0.045790647
16730	p	15	-0.5127	-0.5004	0.000644	0.115846686
16731	p	15	-0.513	-0.5005	0.00078	0.079618466
16732	p	15	-0.513	-0.5002	0.000667	0.10841732
16733	p	15	-0.5119	-0.4984	0.001396	0.023719765
16734	p	15	-0.5084	-0.4951	0.002664	0.005660584
16736	p	15	-0.5121	-0.4983	0.000626	0.169215497
16738	p	15	-0.5142	-0.5002	0.000629	0.113131682
16742	p	15	-0.458	-0.4501	0.000951	0.041795009
16743	p	15	-0.511	-0.5025	0.000517	0.168103253
16744	p	15	-0.5116	-0.5026	0.000479	0.208351695
16746	p	15	-0.5051	-0.4956	0.000486	0.195422133
16747	p	15	-0.5045	-0.4944	0.000479	0.198082751
16748	p	15	-0.5079	-0.4964	0.000489	0.182013154
16749	p	15	-0.5087	-0.4967	0.001278	0.027333645
16750	p	15	-0.5073	-0.4948	0.000484	0.198083229
16751	p	15	-0.5121	-0.499	0.001109	0.038542998
16752	p	15	-0.5118	-0.4986	0.000862	0.06434681
16753	p	15	-0.5241	-0.5147	0.000958	0.053328273
16754	p	15	-0.5186	-0.5092	0.000499	0.199913559
16755	p	15	-0.5065	-0.4967	0.000482	0.199279339
16756	p	15	-0.4999	-0.4899	0.001111	0.036650998
16757	p	15	-0.5022	-0.4919	0.000488	0.189317787
16758	p	15	-0.4999	-0.4892	0.000537	0.156036899
16759	p	15	-0.5022	-0.4898	0.000466	0.212521402
16761	p	15	-0.5072	-0.494	0.000529	0.161936944
16762	p	15	-0.5091	-0.4954	0.000487	0.188745054
16763	p	15	-0.5096	-0.4955	0.00065	0.10224531
16765	p	15	-0.5138	-0.4994	0.00055	0.155271983
16766	p	15	-0.5137	-0.499	0.000843	0.06533653
16767	p	15	0.5899	0.579	0.000576	0.184673581
16769	p	15	0.5829	0.5695	0.000813	0.091227454
16770	p	15	0.5792	0.565	0.000592	0.17016843
16771	p	15	0.5741	0.5588	0.000527	0.212196708
16772	p	15	0.5703	0.5539	0.00059	0.16804262
16982	p	20	0.7035	0.6973	0.000694	0.087195306
16983	p	20	0.7054	0.699	0.000528	0.20830682
16984	p	20	0.6986	0.6921	0.000519	0.207339917
16986	p	20	0.6929	0.6863	0.00075	0.110139185
16987	p	20	0.6868	0.68	0.000577	0.176486625
16988	p	20	0.6816	0.6748	0.001051	0.053095478
16989	p	20	0.6769	0.67	0.000511	0.228331891
16990	p	20	0.6649	0.6579	0.000497	0.230753858
16991	p	20	0.6614	0.6543	0.000487	0.236351275
16992	p	20	0.6553	0.648	0.00049	0.230924764
16993	p	20	0.6476	0.6403	0.000563	0.174348695
16995	p	20	0.7643	0.7522	0.000725	0.035452773
16996	p	20	-0.7287	-0.7146	0.000723	0.129893559
17000	p	20	-0.7079	-0.694	0.000799	0.101829689
17001	p	20	-0.686	-0.6722	0.000516	0.222940688
17002	p	20	-0.6735	-0.6596	0.000524	0.202079227
17003	p	20	-0.6902	-0.6755	0.001305	0.033979199
17008	p	20	-0.6791	-0.6645	0.001145	0.043353642
17010	p	20	-0.6726	-0.6578	0.000501	0.223480211
17011	p	20	-0.6641	-0.6493	0.001567	0.023644681
17014	p	20	-0.6566	-0.6419	0.000659	0.113790034
17015	p	20	-0.6492	-0.6343	0.000692	0.108212799
17016	p	20	-0.6437	-0.6288	0.000515	0.187394629
17019	p	20	-0.6501	-0.6348	0.000466	0.223922046
17020	p	20	-0.6489	-0.6332	0.000492	0.203728026
17021	p	20	-0.6471	-0.6313	0.001027	0.041183717
17022	p	20	-0.6503	-0.6344	0.001082	0.041549369
17025	p	20	-0.6463	-0.6305	0.000524	0.176425051
17026	p	20	-0.644	-0.6279	0.001342	0.024835719
17027	p	20	-0.6504	-0.6343	0.000645	0.119971876
17028	p	20	-0.6473	-0.6311	0.001377	0.025555941
17032	p	20	-0.6461	-0.63	0.001828	0.012606391
17067	p	20	0.7918	0.8198	0.002114	0.068183689
17069	p	20	0.7836	0.811	0.002165	0.058741183
17070	p	20	0.7819	0.809	0.003614	0.01863168
17071	p	20	0.7785	0.8048	0.002015	0.067695673
17073	p	20	0.7701	0.7953	0.001392	0.146598383
17074	p	20	0.7592	0.7833	0.002596	0.042649818
17075	p	20	0.7567	0.7804	0.003009	0.030387656
17076	p	20	0.7491	0.7719	0.001173	0.202815776
17077	p	20	0.7408	0.7627	0.003099	0.026888283
17078	p	20	0.7434	0.7648	0.006412	0.007261418
17079	p	20	0.7467	0.7688	0.003667	0.014750636
17084	p	20	0.7401	0.7615	0.0017	0.074163461
17085	p	20	0.7343	0.755	0.001525	0.084167208
17086	p	20	0.7313	0.7515	0.004287	0.012907779
17087	p	20	0.7324	0.7526	0.00341	0.02167282
17088	p	20	0.7277	0.7472	0.001152	0.147674373
17092	p	20	0.7244	0.7432	0.001072	0.173840993
17093	p	20	0.7193	0.7374	0.001687	0.06788546
17095	p	20	-0.6632	-0.6795	0.001376	0.086210976
17096	p	20	-0.6671	-0.683	0.001014	0.159370131
17097	p	20	-0.6666	-0.6819	0.001275	0.098647652
17098	p	20	-0.664	-0.6789	0.001325	0.08947231
17100	p	20	-0.6628	-0.6772	0.000971	0.173556124
17101	p	20	-0.6592	-0.6732	0.003189	0.01691488
17102	p	20	-0.6574	-0.6712	0.001517	0.074042549
17144	p	20	0.783	0.8279	0.002714	0.046156731
17145	p	20	0.7629	0.8054	0.001256	0.203626198
17146	p	20	0.7403	0.7798	0.001105	0.17490783
17147	p	20	0.7304	0.7682	0.001894	0.054822328
17149	p	20	0.7291	0.7666	0.002671	0.041589609
17150	p	20	0.721	0.7572	0.001097	0.23171401
17151	p	20	0.7089	0.7431	0.001244	0.168114632
17153	p	20	0.693	0.7256	0.001268	0.099709355
17155	p	20	0.6849	0.7159	0.001011	0.194704219
17156	p	20	0.6753	0.7046	0.001027	0.200677205
17157	p	20	0.6713	0.6995	0.001244	0.137968902
17158	p	20	0.6669	0.6941	0.001195	0.155063258
17159	p	20	0.6656	0.6924	0.007854	0.003171283
17160	p	20	0.6649	0.6914	0.003635	0.016145189
17161	p	20	0.6636	0.6898	0.001304	0.124684887
17162	p	20	-0.72	-0.755	0.001647	0.09961406
17163	p	20	-0.7329	-0.7681	0.004833	0.0117375
17164	p	20	-0.7158	-0.7495	0.001144	0.186586491
17165	p	20	-0.6888	-0.7203	0.001343	0.135812688
17166	p	20	-0.6744	-0.7047	0.001966	0.061390977
17167	p	20	-0.6593	-0.6882	0.001009	0.21892003
17168	p	20	-0.6402	-0.6673	0.000965	0.227452501
17169	p	20	-0.6298	-0.6557	0.00112	0.161071989
17185	p	20	0.6206	0.6707	0.001712	0.01513367
17187	p	20	0.6281	0.6792	0.003313	0.00648629
17188	p	20	0.6307	0.6813	0.002151	0.018953292
17189	p	20	0.6349	0.6857	0.001474	0.043169756
17190	p	20	0.6415	0.6927	0.002569	0.013364938
17191	p	20	0.6401	0.6904	0.000645	0.229008418
17192	p	20	0.6408	0.6904	0.000953	0.106166323
17195	p	20	0.64	0.6886	0.000645	0.229955778
17197	p	20	0.6398	0.6876	0.001096	0.076080794
17199	p	20	0.6386	0.6861	0.001125	0.074107692
17203	p	20	0.6456	0.6936	0.00086	0.119949528
17204	p	20	0.6434	0.6908	0.000971	0.095689428
17206	p	20	0.6436	0.6907	0.000832	0.139095795
17207	p	20	0.6421	0.6885	0.000865	0.124937631
17211	p	20	0.6381	0.6839	0.001914	0.026062901
17212	p	20	0.6372	0.6826	0.000656	0.215235213
17214	p	20	0.6348	0.6794	0.000918	0.112186211
17215	p	20	-0.727	-0.7825	0.002435	0.036052176
17216	p	20	-0.7112	-0.7654	0.002762	0.028251291
17221	p	20	-0.6488	-0.6977	0.001491	0.086768455
17222	p	20	-0.6728	-0.723	0.001249	0.127710376
17223	p	20	-0.7406	-0.7325	0.001677	0.036211213
17224	p	20	-0.7278	-0.7193	0.000978	0.199576501
17225	p	20	-0.7188	-0.7099	0.001789	0.05483597
17353	p	20	-0.6506	-0.6238	0.000646	0.200610806
17355	p	20	-0.6488	-0.6212	0.001544	0.033119879
17356	p	20	-0.6572	-0.6288	0.000597	0.246606189
17357	p	20	-0.6555	-0.6263	0.000606	0.234436631
17358	p	20	-0.655	-0.6248	0.000566	0.270993221
17359	p	20	-0.6549	-0.6237	0.000601	0.236425842
17360	p	20	-0.6369	-0.6058	0.000844	0.116182041
17361	p	20	-0.6408	-0.6092	0.000578	0.240476555
17362	p	20	-0.6535	-0.621	0.000721	0.166627471
17363	p	20	-0.644	-0.6115	0.000919	0.097918794
17364	p	20	-0.6466	-0.6139	0.000968	0.088747089
17366	p	20	-0.5992	-0.5672	0.003352	0.006423811
17368	p	20	-0.626	-0.4544	0.000752	0.115967822
17371	p	20	0.8036	0.7688	0.001017	0.118426471
17373	p	20	0.7896	0.7547	0.00072	0.229193714
17374	p	20	0.7741	0.7391	0.000714	0.220304271
17375	p	20	0.7643	0.7289	0.000708	0.230539425
17376	p	20	0.758	0.7221	0.001278	0.065721423
17379	p	20	0.7562	0.7202	0.000691	0.208355954
17381	p	20	0.7496	0.7133	0.000777	0.156438594
17382	p	20	0.7652	0.73	0.000772	0.192301862
17575	p	15	0.3264	0.3509	0.004827	0.021652043
17576	p	15	0.3418	0.3673	0.001896	0.146449167
17577	p	15	0.36	0.3857	0.001755	0.198178559
17581	p	15	0.3612	0.3865	0.003005	0.064944265
17583	p	15	0.3622	0.3872	0.008228	0.009018156
17584	p	15	0.3614	0.386	0.001711	0.205288219
17585	p	15	0.3613	0.3851	0.001751	0.18443978
17586	p	15	0.3612	0.3842	0.001712	0.185633554
17587	p	15	0.3624	0.3851	0.002018	0.128737001
17588	p	15	0.3595	0.3813	0.00302	0.060700156
17589	p	15	0.3637	0.381	0.001818	0.175418477
17593	p	15	0.3646	0.3815	0.002061	0.126005686
17594	p	15	0.3627	0.3788	0.001711	0.174131739
17595	p	15	0.3612	0.3769	0.00183	0.151780453
17596	p	15	0.3596	0.3751	0.0022	0.115268358
17597	p	15	0.3602	0.3758	0.003714	0.039901865
17598	p	15	-0.2642	-0.2843	0.001506	0.143169982
17599	p	15	-0.5811	-0.3266	0.002818	0.053809949
17600	p	15	-0.5806	-0.3261	0.001649	0.162433843
17601	p	15	-0.5778	-0.3245	0.001744	0.138960796
17602	p	15	-0.5782	-0.3246	0.004588	0.020180329
17603	p	15	-0.5948	-0.3338	0.001897	0.126296747
17604	p	15	-0.5873	-0.3292	0.001584	0.183369321
17605	p	15	-0.5825	-0.3262	0.001542	0.189161717
17606	p	15	-0.5793	-0.324	0.001454	0.194237122
17607	p	15	-0.5754	-0.3215	0.00155	0.176543358
17608	p	15	-0.575	-0.3207	0.00142	0.206834619
17609	p	15	-0.582	-0.3233	0.009671	0.003223735
17610	p	15	-0.5809	-0.3226	0.001458	0.19016015
17611	p	15	-0.5825	-0.3234	0.002111	0.089311255
17617	p	15	-0.5729	-0.3199	0.002005	0.107024785
17720	p	15	0.4188	0.4302	0.001942	0.112031379
17721	p	15	0.4353	0.4456	0.002455	0.072076662
17724	p	15	0.4659	0.4742	0.004814	0.021209975
17725	p	15	0.4683	0.4758	0.001964	0.128073732
17726	p	15	0.4689	0.4758	0.003952	0.033205901
17727	p	15	0.4715	0.4775	0.001787	0.162860144
17728	p	15	0.4722	0.4774	0.00304	0.050910591
17729	p	15	0.4727	0.478	0.003921	0.03358881
17732	p	15	0.4774	0.4819	0.002082	0.121437385
17733	p	15	0.4752	0.4789	0.004163	0.029609531
17734	p	15	0.4766	0.4796	0.001779	0.168409901
17735	p	15	0.4767	0.4792	0.003385	0.045244362
17737	p	15	0.4782	0.48	0.001727	0.178819697
17738	p	15	0.4768	0.4774	0.001779	0.171498541
17740	p	15	0.4763	0.4761	0.001912	0.150829775
17741	p	15	0.4753	0.4744	0.002055	0.130014375
17748	p	15	-0.5952	-0.7082	0.044038	0.004071507
17750	p	15	-0.6481	-0.77	0.010295	0.086421026
17751	p	15	-0.6286	-0.7448	0.00752	0.157212363
17752	p	15	-0.6193	-0.7332	0.009308	0.099416914
17753	p	15	-0.6165	-0.7286	0.007603	0.143998699
17754	p	15	-0.6182	-0.7302	0.009082	0.106439796
17755	p	15	-0.617	-0.7283	0.008918	0.111277955
17756	p	15	-0.6152	-0.7253	0.007415	0.166786026
17757	p	15	-0.6148	-0.7238	0.009747	0.096145713
17758	p	15	-0.6148	-0.7238	0.009747	0.096145713
17759	p	15	-0.6098	-0.7167	0.00686	0.181846559
17760	p	15	-0.606	-0.7108	0.007588	0.144301428
17762	p	15	-0.6048	-0.7094	0.00927	0.09310585
17769	p	15	0.6459	0.7754	0.006777	0.156590691
17770	p	15	0.627	0.7518	0.008227	0.193898652
17771	p	15	0.6149	0.7366	0.009448	0.146780261
17772	p	15	0.6295	0.7525	0.008208	0.182945769
17774	p	15	-0.5878	-0.6987	0.023452	0.01703789
17775	p	15	-0.5898	-0.7004	0.00746	0.187685519
17776	p	15	-0.5822	-0.6903	0.007322	0.192773122
17777	p	15	-0.584	-0.6916	0.007456	0.192724824
17778	p	15	-0.5843	-0.6918	0.00824	0.155247946
16270	d	20	0.0726	0.2461	0.000206	0.058990426
16273	d	20	0.0683	0.2351	0.000198	0.057382536
16277	d	20	0.0865	0.163	0.000218	0.077939937
16279	d	20	0.0641	0.1646	0.000241	0.068500629
16281	d	20	0.064	0.1627	0.000207	0.086453497
16283	d	20	0.0658	0.1684	0.000407	0.024312434
16284	d	20	0.0456	0.1407	0.00012	0.065092918
16285	d	20	0.0661	0.199	0.0002	0.10934291
16286	d	20	0.0704	0.21	0.000218	0.102817105
16287	d	20	0.0756	0.2293	0.000239	0.097629802
16288	d	20	0.077	0.2358	0.000316	0.062817091
16289	d	20	0.0802	0.2474	0.000459	0.035980218
16360	d	20	0.0427	0.0671	0.000829	0.001855248
16361	d	20	0.0425	0.0699	0.000878	0.001858629
16362	d	20	0.0433	0.0709	0.000259	0.032734644
16401	d	20	0.1682	0.1202	0.000227	0.023804604
16403	d	20	0.2221	0.1644	0.000137	0.124034665
16404	d	20	0.2533	0.1848	0.000159	0.113669839
16405	d	20	0.2687	0.202	0.000223	0.065351616
16406	d	20	0.2723	0.2106	0.000264	0.049524455
16407	d	20	0.2914	0.2279	0.000349	0.035073977
16408	d	20	0.3146	0.2394	0.000314	0.048560095
16409	d	20	0.3294	0.2509	0.000211	0.118151242
16410	d	20	0.3404	0.2617	0.00043	0.031102873
16411	d	20	0.3468	0.2666	0.000446	0.030496399
16412	d	20	0.3476	0.2632	0.000598	0.014403922
16414	d	20	0.3548	0.2691	0.000331	0.05765704
16415	d	20	0.3606	0.2766	0.000451	0.030597907
16416	d	20	0.3669	0.2822	0.000246	0.11290326
16419	d	20	0.3708	0.2819	0.000257	0.091174301
16420	d	20	0.3744	0.2899	0.00128	0.003824847
16421	d	20	0.3819	0.2943	0.000367	0.049160102
16422	d	20	0.3841	0.2952	0.000254	0.106899398
16423	d	20	0.3924	0.2996	0.000251	0.113073252
16424	d	20	0.3979	0.3044	0.00039	0.046523003
16425	d	20	0.401	0.31	0.000472	0.034105207
16426	d	20	0.3999	0.3065	0.000264	0.108197802
16432	d	20	0.4051	0.3172	0.000299	0.082925077
16433	d	20	-0.0826	-0.1127	0.000174	0.034091243
16434	d	20	-0.1579	-0.1779	0.000149	0.11190181
16435	d	20	-0.1838	-0.2023	0.000171	0.112651529
16436	d	20	-0.201	-0.2252	0.00022	0.093508071
16438	d	20	-0.2106	-0.2238	0.000202	0.092437299
16440	d	20	-0.221	-0.2311	0.000205	0.102855053
16441	d	20	-0.226	-0.2389	0.000299	0.052636875
16442	d	20	-0.2254	-0.2351	0.000677	0.009446718
16443	d	20	-0.2258	-0.2363	0.000204	0.1055807
16444	d	20	-0.2312	-0.2409	0.000552	0.015334563
16445	d	20	-0.234	-0.2411	0.000542	0.015357799
16447	d	20	-0.2405	-0.2503	0.000301	0.051848113
16448	d	20	-0.2458	-0.2546	0.000327	0.043242025
16449	d	20	-0.2666	-0.2802	0.000946	0.007233723
16455	d	20	-0.3297	-0.3553	0.000302	0.122096088
16456	d	20	-0.3379	-0.3644	0.000913	0.014270397
16457	d	20	-0.3397	-0.366	0.001392	0.005507613
16458	d	20	-0.3395	-0.3645	0.001024	0.010295032
16460	d	20	-0.3452	-0.3707	0.000314	0.110876359
16461	d	20	-0.3536	-0.3835	0.000328	0.111124387
16463	d	20	-0.3632	-0.3937	0.000615	0.034564175
16465	d	20	-0.2378	-0.0552	0.000452	0.040192265
16466	d	20	-0.2684	-0.0629	0.00163	0.004700571
16467	d	20	-0.3001	-0.0697	0.000335	0.12102156
16468	d	20	-0.3318	-0.078	0.000417	0.096905136
16469	d	20	-0.3499	-0.0828	0.000468	0.082685983
16470	d	20	-0.3575	-0.0843	0.000586	0.053408536
16471	d	20	-0.3694	-0.0867	0.000423	0.117466836
16472	d	20	-0.3749	-0.0892	0.000534	0.076765771
16473	d	20	-0.4005	-0.0947	0.000452	0.127292762
16474	d	20	-0.4109	-0.0975	0.000549	0.092732761
16475	d	20	-0.4188	-0.1	0.000487	0.119021558
16476	d	20	-0.4207	-0.1003	0.000544	0.094491269
16477	d	20	-0.4347	-0.1009	0.000529	0.094684585
16478	d	20	-0.4362	-0.0998	0.000965	0.025100838
16480	d	20	-0.4409	-0.1023	0.002578	0.003520784
16482	d	20	-0.4331	-0.0992	0.000519	0.101645734
16483	d	20	-0.4196	-0.0967	0.000515	0.094769776
16484	d	20	-0.409	-0.0948	0.00047	0.108706434
16489	d	20	-0.4217	-0.0985	0.000496	0.108090203
16490	d	20	-0.4312	-0.1008	0.000499	0.114913585
16491	d	20	-0.41	-0.0968	0.00062	0.066144505
16493	d	20	-0.3773	-0.0891	0.000448	0.111184405
16494	d	20	-0.366	-0.0877	0.001617	0.00849069
16495	d	20	-0.361	-0.0863	0.000446	0.100031688
16498	d	20	0.3895	0.22	0.000476	0.028914588
16500	d	20	0.511	0.2956	0.000366	0.105788852
16501	d	20	0.5201	0.302	0.000564	0.046452024
16502	d	20	0.5539	0.3268	0.000411	0.101730695
16503	d	20	0.5622	0.3297	0.000403	0.10217689
16504	d	20	0.5649	0.3288	0.000506	0.0618492
16505	d	20	0.5962	0.3485	0.002902	0.001988424
16506	d	20	0.5968	0.353	0.000746	0.032461269
16507	d	20	0.6072	0.354	0.000442	0.09931756
16508	d	20	0.6129	0.3607	0.000672	0.043002011
16509	d	20	0.6162	0.366	0.000846	0.029138059
16510	d	20	0.6064	0.3606	0.000449	0.102105064
16511	d	20	0.6055	0.359	0.00042	0.109870959
16512	d	20	0.6047	0.3582	0.000425	0.104640429
16513	d	20	0.606	0.3578	0.000431	0.103715464
16514	d	20	0.617	0.3645	0.000444	0.103474288
16515	d	20	0.6182	0.3658	0.000433	0.106259911
16517	d	20	0.627	0.3717	0.001482	0.009507018
16518	d	20	0.6216	0.3653	0.000427	0.11800739
16519	d	20	0.6284	0.3713	0.000554	0.066881935
16520	d	20	0.6286	0.373	0.000715	0.043828173
16580	d	20	0.6447	0.3923	0.000922	0.030926522
16581	d	20	0.6451	0.3876	0.000473	0.110091658
16583	d	20	0.647	0.387	0.000591	0.063201395
16586	d	20	0.6525	0.3947	0.00081	0.037289211
16587	d	20	0.6247	0.3758	0.000693	0.046675649
16588	d	20	0.6072	0.3658	0.000441	0.11502237
16594	d	20	0.5684	0.3433	0.000778	0.035348698
16597	d	20	0.5262	0.3092	0.00036	0.116228172
16598	d	20	0.5566	0.3313	0.002317	0.003059088
16599	d	20	0.5717	0.3407	0.000406	0.116349182
16600	d	20	0.5891	0.3509	0.000422	0.111860104
16601	d	20	0.5827	0.3435	0.000422	0.106485636
16602	d	20	0.5441	0.3211	0.000669	0.03958375
16604	d	20	0.5288	0.3085	0.000362	0.121013005
16609	d	20	0.53	0.3084	0.000393	0.102657166
16610	d	20	0.533	0.3096	0.000374	0.112816536
16611	d	20	0.531	0.3088	0.000642	0.039787569
16615	d	20	-0.2614	-0.0547	0.000369	0.086118018
16616	d	20	-0.3239	-0.067	0.00037	0.122899394
16617	d	20	-0.353	-0.0733	0.000408	0.115993414
16618	d	20	-0.3758	-0.0783	0.000848	0.030668632
16619	d	20	-0.3926	-0.0822	0.002233	0.004760344
16620	d	20	-0.3985	-0.0831	0.000474	0.11225737
16625	d	20	-0.4096	-0.085	0.000776	0.047533984
16626	d	20	-0.4202	-0.0881	0.000497	0.119665557
16627	d	20	-0.4277	-0.0901	0.00048	0.138187603
16628	d	20	-0.4326	-0.0913	0.000536	0.112805353
16629	d	20	-0.4354	-0.0921	0.000509	0.123690676
16630	d	20	-0.4414	-0.0941	0.00051	0.128262797
16631	d	20	-0.4511	-0.0954	0.000687	0.071441242
16632	d	20	-0.44	-0.0929	0.000659	0.076516841
16633	d	20	-0.4312	-0.0915	0.000501	0.125176552
16634	d	20	-0.4291	-0.0909	0.000499	0.121484261
16636	d	20	-0.4283	-0.0905	0.000641	0.070194633
16882	d	20	0.3509	0.3807	0.000105	0.078541227
16884	d	20	0.3487	0.3784	0.000164	0.031572762
16887	d	20	0.3471	0.3766	0.000102	0.079717301
16888	d	20	0.3451	0.3745	8.80E-05	0.102634027
16889	d	20	0.341	0.3701	5.30E-05	0.272986545
16890	d	20	0.3377	0.3665	0.000103	0.070668005
16898	d	20	0.236	0.256	6.80E-05	0.028321739
16899	d	20	0.2548	0.2765	0.000117	0.014218066
16901	d	20	0.2713	0.2944	9.80E-05	0.024547618
16902	d	20	0.3138	0.3365	4.60E-05	0.211281188
16903	d	20	0.3667	0.378	5.20E-05	0.213265466
16904	d	20	0.371	0.3825	5.30E-05	0.208713806
16905	d	20	0.3675	0.3789	4.90E-05	0.247253332
16907	d	20	0.3657	0.3771	7.80E-05	0.088616389
16908	d	20	0.3625	0.3738	8.50E-05	0.074911299
16910	d	20	0.3573	0.3683	5.20E-05	0.188006516
16911	d	20	0.3458	0.3564	5.00E-05	0.202522471
16912	d	20	0.341	0.3514	5.80E-05	0.145824307
16913	d	20	0.3375	0.3479	5.20E-05	0.17516391
16918	d	20	0.3356	0.3458	7.50E-05	0.083931131
16922	d	20	0.3342	0.3444	4.70E-05	0.215755208
16923	d	20	-0.2881	-0.2932	4.70E-05	0.211605868
16924	d	20	-0.3123	-0.3179	5.10E-05	0.201162585
16925	d	20	-0.3144	-0.32	7.70E-05	0.090710737
16927	d	20	-0.3137	-0.3193	5.20E-05	0.202704509
16928	d	20	-0.3126	-0.3182	5.20E-05	0.201742978
16929	d	20	-0.3108	-0.3164	9.40E-05	0.059689041
16931	d	20	-0.3059	-0.3114	5.60E-05	0.166036684
16932	d	20	-0.3084	-0.314	5.80E-05	0.158017693
16933	d	20	-0.306	-0.3115	5.10E-05	0.205333473
16934	d	20	-0.303	-0.3085	5.10E-05	0.196012485
16935	d	20	-0.3006	-0.306	5.00E-05	0.199279444
16943	d	20	-0.2979	-0.3033	0.000201	0.012639148
16944	d	20	-0.296	-0.3014	8.70E-05	0.06491674
16945	d	20	-0.156	-0.1607	7.00E-05	0.147691387
16946	d	20	-0.1973	-0.2033	0.000147	0.053078109
16947	d	20	-0.2285	-0.2354	0.000107	0.133710536
16948	d	20	-0.2554	-0.263	0.000235	0.033470736
16950	d	20	-0.2613	-0.2691	0.000564	0.006432488
16951	d	20	-0.2724	-0.2806	0.000106	0.19082112
16952	d	20	-0.2906	-0.2993	0.00011	0.197977813
16958	d	20	-0.3007	-0.3098	0.000115	0.200531374
16959	d	20	-0.3053	-0.3146	0.000118	0.196738143
16960	d	20	-0.306	-0.3153	0.000132	0.15367597
16961	d	20	-0.306	-0.3153	0.000466	0.013448174
16962	d	20	-0.3057	-0.3151	0.000658	0.006712653
16963	d	20	-0.3062	-0.3156	0.000118	0.197374711
16964	d	20	-0.3064	-0.3158	0.000117	0.200292349
16965	d	20	-0.3063	-0.3157	0.00012	0.188033138
16967	d	20	-0.3041	-0.3134	0.000149	0.119557146
16968	d	20	-0.303	-0.3124	0.000135	0.146343952
17039	d	20	0.4669	0.4462	6.00E-05	0.146321304
17040	d	20	0.4673	0.4502	7.70E-05	0.093558769
17041	d	20	0.423	0.4566	7.40E-05	0.119723522
17043	d	20	0.4233	0.457	8.50E-05	0.078695791
17044	d	20	0.4209	0.4545	7.80E-05	0.097580357
17046	d	20	0.4176	0.4509	8.00E-05	0.090410632
17047	d	20	0.4185	0.452	0.000181	0.01492579
17048	d	20	0.4153	0.4484	8.50E-05	0.077984769
17049	d	20	0.4099	0.4426	6.30E-05	0.149628984
17050	d	20	0.4068	0.4393	0.000137	0.029910134
17051	d	20	0.4039	0.4361	5.80E-05	0.1584917
17052	d	20	0.3961	0.4276	5.40E-05	0.188188313
17053	d	20	0.3932	0.4245	0.000314	0.005633747
17054	d	20	0.3934	0.4247	0.000109	0.042551412
17055	d	20	0.3935	0.4248	8.70E-05	0.07101752
17056	d	20	0.3892	0.4202	7.20E-05	0.103304989
17057	d	20	0.3863	0.417	8.20E-05	0.080956605
17058	d	20	-0.3079	-0.3357	0.000562	0.067893415
17059	d	20	-0.3282	-0.3578	0.000596	0.066633294
17060	d	20	-0.3224	-0.3515	0.000324	0.223567917
17061	d	20	-0.3182	-0.3468	0.000468	0.103507213
17063	d	20	-0.3159	-0.3443	0.000332	0.199770166
17065	d	20	-0.3152	-0.3436	0.000457	0.106908269
17227	d	20	0.4422	0.4744	0.000774	0.181735636
17229	d	20	0.427	0.458	0.002781	0.014736909
17230	d	20	0.4228	0.4532	0.001112	0.078167958
17231	d	20	0.4183	0.4488	0.001994	0.023078815
17233	d	20	0.4109	0.4407	0.000791	0.152188906
17236	d	20	0.4064	0.4267	0.001352	0.045763212
17237	d	20	0.4091	0.4296	0.000627	0.225287426
17239	d	20	0.4063	0.4266	0.000646	0.222516939
17240	d	20	0.4044	0.4246	0.000655	0.217027318
17242	d	20	0.3955	0.4144	0.000825	0.125276607
17243	d	20	0.4034	0.4235	0.001633	0.035313275
17244	d	20	0.4015	0.4216	0.001948	0.023200015
17245	d	20	0.3952	0.4149	0.000621	0.219488539
17246	d	20	0.3877	0.4071	0.000635	0.208896546
17248	d	20	0.3859	0.4052	0.000626	0.208663485
17249	d	20	0.3833	0.4025	0.001135	0.063770027
17252	d	20	0.3818	0.4009	0.001769	0.025208045
17253	d	20	0.3815	0.4005	0.001681	0.025811929
17254	d	20	0.3805	0.3995	0.004852	0.003688929
17255	d	20	0.3805	0.3995	0.00208	0.018348628
17258	d	20	0.3786	0.3975	0.001046	0.071256334
17261	d	20	0.3755	0.3943	0.001021	0.0767836
17262	d	20	0.3527	0.3703	0.000583	0.206215745
17263	d	20	0.3652	0.3834	0.000827	0.10854804
17264	d	20	-0.2322	-0.2548	8.40E-05	0.222619506
17265	d	20	-0.265	-0.2908	9.90E-05	0.200553241
17266	d	20	-0.266	-0.2919	0.000141	0.101868865
17268	d	20	-0.2323	-0.2548	0.000225	0.060464901
17269	d	20	-0.2566	-0.2816	0.000154	0.162479249
17270	d	20	-0.2759	-0.3028	0.000128	0.199660045
17271	d	20	-0.273	-0.2996	0.000113	0.160343119
17272	d	20	-0.2711	-0.2975	0.000185	0.059874808
17273	d	20	-0.2707	-0.2968	9.70E-05	0.220582392
17274	d	20	-0.2774	-0.3045	0.0001	0.218755206
17275	d	20	-0.2762	-0.3031	0.000299	0.025270189
17276	d	20	-0.2791	-0.3064	0.000122	0.144800357
17277	d	20	-0.2802	-0.3075	0.000102	0.215560674
17278	d	20	-0.2801	-0.3074	0.000107	0.186189568
17281	d	20	-0.2798	-0.3071	0.000113	0.172559558
17282	d	20	-0.2784	-0.3055	0.000128	0.134119679
17283	d	20	-0.2768	-0.3038	0.000101	0.214114628
17284	d	20	-0.2739	-0.3006	0.000148	0.095940979
17286	d	20	-0.2737	-0.3005	0.000175	0.065844994
17287	d	20	-0.2733	-0.3	9.70E-05	0.222552086
17288	d	20	-0.2708	-0.2972	0.000112	0.16149993
17289	d	20	-0.2704	-0.2968	0.000143	0.097127076
17290	d	20	-0.2683	-0.2944	0.000136	0.110064334
17292	d	20	-0.2669	-0.293	0.000187	0.058118938
17293	d	20	-0.2652	-0.2912	9.50E-05	0.219139974
17294	d	20	-0.2618	-0.2873	9.70E-05	0.216323535
17295	d	20	-0.2616	-0.2873	0.000153	0.084415993
17296	d	20	-0.2601	-0.2855	0.000164	0.073526283
17491	d	15	0.4968	0.5307	0.000481	0.038019606
17492	d	15	0.4791	0.5121	0.000259	0.124634577
17493	d	15	0.4587	0.4903	0.000212	0.176904995
17494	d	15	0.4404	0.4708	0.000213	0.15360631
17495	d	15	0.4326	0.4624	0.000348	0.052225367
17496	d	15	0.4256	0.4551	0.000248	0.112339217
17497	d	15	0.4158	0.4446	0.000176	0.212815728
17498	d	15	0.4135	0.4422	0.000292	0.077595401
17500	d	15	0.4094	0.4376	0.000252	0.100694527
17501	d	15	0.4071	0.4354	0.000802	0.010593199
17502	d	15	0.4011	0.4291	0.000212	0.142672738
17504	d	15	0.3959	0.4237	0.000672	0.015773296
17505	d	15	0.3929	0.4203	0.000188	0.189808631
17506	d	15	0.3695	0.3954	0.000166	0.212927109
17507	d	15	0.3196	0.3421	0.000182	0.124410315
17508	d	15	0.3752	0.4014	0.00019	0.159201543
17509	d	15	0.3809	0.4076	0.000243	0.074688192
17510	d	15	0.3823	0.4091	0.000184	0.15711125
17511	d	15	0.3782	0.4049	0.000483	0.020492257
17512	d	15	0.3764	0.4028	0.000228	0.105010916
17513	d	15	0.3741	0.4003	0.000239	0.089605854
17523	d	15	-0.3732	-0.372	0.001317	0.011023749
17524	d	15	-0.3761	-0.375	0.00154	0.008944127
17527	d	15	-0.372	-0.3707	0.000436	0.133692312
17529	d	15	-0.3563	-0.3553	0.000378	0.162462916
17530	d	15	-0.3475	-0.3465	0.000411	0.126801962
17535	d	15	-0.343	-0.3419	0.000589	0.060946613
17537	d	15	-0.3349	-0.3339	0.000404	0.122906772
17538	d	15	-0.3412	-0.3402	0.000344	0.174974015
17540	d	15	-0.3299	-0.329	0.000334	0.118616344
17541	d	15	-0.3238	-0.3229	0.000339	0.151908424
17542	d	15	-0.3173	-0.3165	0.000388	0.114046612
17544	d	15	-0.2586	-0.2687	0.000173	0.20703494
17545	d	15	-0.2584	-0.2687	0.000198	0.158808675
17546	d	15	-0.2631	-0.2736	0.000205	0.156410029
17547	d	15	-0.3091	-0.317	0.000257	0.129975191
17548	d	15	-0.3091	-0.3123	0.000406	0.054700594
17549	d	15	-0.3112	-0.3144	0.000215	0.204427216
17550	d	15	-0.3103	-0.3136	0.000223	0.178067115
17551	d	15	-0.3105	-0.3139	0.000226	0.169269425
17552	d	15	-0.3105	-0.3138	0.000449	0.041129403
17554	d	15	-0.3091	-0.3124	0.000302	0.091755696
17555	d	15	-0.3083	-0.3115	0.000215	0.178477383
17556	d	15	-0.3061	-0.3093	0.000295	0.090097961
17557	d	15	-0.306	-0.3091	0.000474	0.035545185
17558	d	15	-0.3058	-0.3089	0.000219	0.173888798
17559	d	15	-0.3032	-0.3063	0.00021	0.179697167
17560	d	15	-0.3011	-0.3044	0.00021	0.18220003
17650	d	15	-0.4563	-0.441	8.50E-05	0.19322653
17651	d	15	-0.4141	-0.4002	0.000154	0.048453595
17652	d	15	-0.3993	-0.3859	0.000124	0.067269515
17653	d	15	-0.367	-0.3546	6.70E-05	0.199207339
17654	d	15	-0.3639	-0.3516	6.60E-05	0.202921418
17655	d	15	-0.3541	-0.3421	6.60E-05	0.176527834
17658	d	15	-0.3536	-0.3417	6.70E-05	0.186791271
17659	d	15	-0.341	-0.3294	8.70E-05	0.100496477
17661	d	15	-0.3369	-0.3255	6.20E-05	0.188527312
17662	d	15	-0.3394	-0.328	6.80E-05	0.162358695
17664	d	15	-0.3379	-0.3265	6.50E-05	0.177798398
17665	d	15	-0.3348	-0.3235	6.10E-05	0.177661395
17666	d	15	-0.3343	-0.3231	8.40E-05	0.094507538
17667	d	15	-0.3336	-0.3225	9.10E-05	0.078534559
17678	d	15	0.4741	0.4794	0.000337	0.123601753
17679	d	15	0.4647	0.4699	0.000306	0.095660386
17681	d	15	0.4583	0.4634	0.000371	0.104926565
17682	d	15	0.4565	0.4617	0.000978	0.015536191
17683	d	15	0.4452	0.4503	0.000312	0.149110218
17684	d	15	0.4307	0.4357	0.000273	0.176080954
17685	d	15	0.4173	0.4222	0.000271	0.178716686
17686	d	15	0.4099	0.4147	0.000527	0.044231198
17687	d	15	0.3932	0.376	0.000292	0.033650503
17688	d	15	0.4092	0.3913	0.000215	0.06906412
17689	d	15	0.4116	0.3935	0.000191	0.088382416
17690	d	15	0.4184	0.4	0.00042	0.019705482
17691	d	15	0.4179	0.3995	0.000164	0.1312355
17692	d	15	0.4114	0.3934	0.000234	0.060664185
17693	d	15	0.4114	0.3934	0.000215	0.069623529
17694	d	15	0.4009	0.3833	0.00013	0.187925729
17695	d	15	0.3918	0.3746	0.000131	0.174656956
17696	d	15	0.3836	0.3668	0.000141	0.146415205
17697	d	15	0.3788	0.3622	0.000123	0.184104131
17698	d	15	0.3717	0.3554	0.000125	0.178957275
17699	d	15	0.3683	0.3521	0.00028	0.035002427
17700	d	15	0.3662	0.3501	0.000119	0.179190926
17701	d	15	0.3612	0.3454	0.000114	0.181379183
17702	d	15	0.3532	0.3378	0.000112	0.178621876
17780	d	15	0.4761	0.4892	0.000366	0.038672182
17781	d	15	0.4702	0.4832	0.000263	0.077438423
17782	d	15	0.4646	0.4772	0.000409	0.030280039
17783	d	15	0.4511	0.4634	0.000184	0.144464838
17784	d	15	0.4408	0.4528	0.000292	0.053839032
17785	d	15	0.4303	0.442	0.000161	0.168040993
17786	d	15	0.4183	0.4297	0.000162	0.161128195
17787	d	15	0.4113	0.4224	0.000153	0.167279744
17788	d	15	0.4012	0.4121	0.000151	0.167032984
17789	d	15	0.3903	0.4009	0.000148	0.166491004
17790	d	15	0.384	0.3943	0.000145	0.167596992
17791	d	15	0.3774	0.3876	0.000147	0.155915543
17792	d	15	-0.2562	-0.2629	5.00E-05	0.126499119
17793	d	15	-0.2806	-0.288	4.60E-05	0.177030189
17794	d	15	-0.3072	-0.3153	5.00E-05	0.178312048
17795	d	15	-0.3093	-0.3174	0.000107	0.039613388
17796	d	15	-0.2523	-0.259	5.50E-05	0.10647104
17797	d	15	-0.3053	-0.3134	5.10E-05	0.172252163
17798	d	15	-0.3296	-0.3385	5.80E-05	0.146532386
17799	d	15	-0.3269	-0.3357	6.90E-05	0.101364778
17800	d	15	-0.3281	-0.3368	5.30E-05	0.178854391
17801	d	15	-0.3221	-0.3308	0.000109	0.042296524
17802	d	15	-0.3227	-0.3314	5.20E-05	0.180335419
17803	d	15	-0.321	-0.3296	5.40E-05	0.170231448
17804	d	15	-0.3213	-0.3299	7.50E-05	0.083528033
