2.2277	2.6594	0.125	0.15	1.05265	0.0463752	2.23228	0.149701
2.2277	2.6594	0.15	0.175	0.983803	0.00178633	2.35408	0.165681
2.2277	2.6594	0.175	0.2	0.98718	0.00146133	2.44396	0.186776
2.2277	2.6594	0.2	0.225	0.989528	0.00171225	2.44247	0.211943
2.2277	2.6594	0.225	0.25	0.989136	0.00193646	2.44186	0.237036
2.2277	2.6594	0.25	0.275	0.98987	0.00217231	2.44289	0.26205
2.2277	2.6594	0.275	0.3	0.984646	0.00240546	2.44377	0.287068
2.2277	2.6594	0.3	0.325	0.990222	0.0026732	2.44485	0.312097
2.2277	2.6594	0.325	0.35	0.98921	0.00294437	2.44575	0.337102
2.2277	2.6594	0.35	0.375	0.987157	0.00323871	2.44558	0.362102
2.2277	2.6594	0.375	0.4	0.988491	0.00355819	2.44621	0.387109
2.2277	2.6594	0.4	0.425	0.994457	0.00397417	2.45128	0.411844
2.2277	2.6594	0.425	0.45	0.993737	0.00575284	2.53115	0.434987
2.2277	2.6594	0.45	0.475	1.00554	0.0199024	2.62324	0.453402
2.6594	3.1747	0.175	0.2	0.980706	0.00255305	2.76625	0.192183
2.6594	3.1747	0.2	0.225	0.980524	0.00166386	2.89455	0.21264
2.6594	3.1747	0.225	0.25	0.980523	0.00183783	2.91283	0.236954
2.6594	3.1747	0.25	0.275	0.985453	0.00207782	2.91007	0.262046
2.6594	3.1747	0.275	0.3	0.984399	0.00230143	2.91015	0.2871
2.6594	3.1747	0.3	0.325	0.986206	0.00255096	2.91079	0.312104
2.6594	3.1747	0.325	0.35	0.980937	0.00278764	2.91036	0.33711
2.6594	3.1747	0.35	0.375	0.983917	0.00306285	2.91033	0.362126
2.6594	3.1747	0.375	0.4	0.977574	0.00333149	2.90965	0.387116
2.6594	3.1747	0.4	0.425	0.979391	0.00364569	2.91002	0.412138
2.6594	3.1747	0.425	0.45	0.985548	0.00399708	2.90981	0.437127
2.6594	3.1747	0.45	0.475	0.974909	0.00453308	2.92958	0.461334
2.6594	3.1747	0.475	0.5	0.970293	0.00753943	3.04944	0.484099
2.6594	3.1747	0.5	0.525	1.0649	0.05726	3.15589	0.501455
3.1747	3.7899	0.2	0.225	0.965107	0.00557508	3.23581	0.220703
3.1747	3.7899	0.225	0.25	0.971489	0.00226001	3.36919	0.238933
3.1747	3.7899	0.25	0.275	0.975917	0.0020369	3.4713	0.262033
3.1747	3.7899	0.275	0.3	0.976833	0.00227966	3.47343	0.287035
3.1747	3.7899	0.3	0.325	0.98136	0.00254409	3.47219	0.312071
3.1747	3.7899	0.325	0.35	0.975848	0.00279063	3.472	0.337089
3.1747	3.7899	0.35	0.375	0.978847	0.00307653	3.47119	0.362109
3.1747	3.7899	0.375	0.4	0.97932	0.00337146	3.47066	0.387124
3.1747	3.7899	0.4	0.425	0.974154	0.00368168	3.4704	0.412147
3.1747	3.7899	0.425	0.45	0.969917	0.00400599	3.46931	0.437135
3.1747	3.7899	0.45	0.475	0.974148	0.00439878	3.46901	0.462144
3.1747	3.7899	0.475	0.5	0.976556	0.00480628	3.46883	0.487113
3.1747	3.7899	0.5	0.525	0.978223	0.00585815	3.51662	0.510736
3.1747	3.7899	0.525	0.55	0.972813	0.011389	3.66992	0.532639
3.7899	4.5243	0.25	0.275	0.969153	0.00464103	3.89344	0.267523
3.7899	4.5243	0.275	0.3	0.970126	0.00275319	4.04498	0.288433
3.7899	4.5243	0.3	0.325	0.973148	0.00259669	4.14086	0.312085
3.7899	4.5243	0.325	0.35	0.973582	0.00286973	4.13854	0.337101
3.7899	4.5243	0.35	0.375	0.980865	0.00317129	4.13936	0.362097
3.7899	4.5243	0.375	0.4	0.980961	0.00348023	4.14061	0.387118
3.7899	4.5243	0.4	0.425	0.97045	0.00377858	4.14194	0.412102
3.7899	4.5243	0.425	0.45	0.975892	0.0041625	4.1424	0.437144
3.7899	4.5243	0.45	0.475	0.983848	0.00461104	4.14237	0.462115
3.7899	4.5243	0.475	0.5	0.974196	0.00502071	4.1411	0.487127
3.7899	4.5243	0.5	0.525	0.963585	0.00545706	4.13994	0.512081
3.7899	4.5243	0.525	0.55	0.967757	0.00601404	4.13977	0.537079
3.7899	4.5243	0.55	0.575	0.966139	0.00797699	4.23939	0.560342
3.7899	4.5243	0.575	0.6	0.964275	0.0198834	4.41887	0.580546
4.5243	5.4009	0.3	0.325	0.964377	0.00631104	4.63107	0.3173
4.5243	5.4009	0.325	0.35	0.973157	0.00384175	4.78173	0.338414
4.5243	5.4009	0.35	0.375	0.969523	0.00342368	4.92209	0.362427
4.5243	5.4009	0.375	0.4	0.963194	0.00366488	4.93948	0.387151
4.5243	5.4009	0.4	0.425	0.974598	0.00406369	4.93706	0.412138
4.5243	5.4009	0.425	0.45	0.975763	0.00444975	4.93483	0.437127
4.5243	5.4009	0.45	0.475	0.970904	0.00485094	4.93505	0.462118
4.5243	5.4009	0.475	0.5	0.971918	0.00530094	4.93588	0.487088
4.5243	5.4009	0.5	0.525	0.9657	0.00577955	4.93743	0.512089
4.5243	5.4009	0.525	0.55	0.969393	0.00639951	4.93707	0.537138
4.5243	5.4009	0.55	0.575	0.973573	0.00707844	4.93912	0.562121
4.5243	5.4009	0.575	0.6	0.959256	0.00780431	4.94841	0.586748
4.5243	5.4009	0.6	0.625	0.997355	0.0124121	5.12864	0.6097
4.5243	5.4009	0.625	0.65	0.946705	0.0473767	5.33026	0.627866
5.4009	6.4475	0.35	0.375	0.960022	0.0152794	5.46636	0.370425
5.4009	6.4475	0.375	0.4	0.965411	0.00636436	5.59919	0.389003
5.4009	6.4475	0.4	0.425	0.945773	0.00505207	5.76097	0.413036
5.4009	6.4475	0.425	0.45	0.962978	0.00492348	5.87375	0.437249
5.4009	6.4475	0.45	0.475	0.96788	0.00535803	5.88785	0.462162
5.4009	6.4475	0.475	0.5	0.971795	0.00589832	5.88957	0.487108
5.4009	6.4475	0.5	0.525	0.980469	0.00651953	5.89054	0.512063
5.4009	6.4475	0.525	0.55	0.971075	0.0071185	5.88898	0.537136
5.4009	6.4475	0.55	0.575	0.963708	0.00778715	5.88459	0.562093
5.4009	6.4475	0.575	0.6	0.958235	0.00856958	5.88455	0.587091
5.4009	6.4475	0.6	0.625	0.963009	0.00950191	5.88716	0.612067
5.4009	6.4475	0.625	0.65	0.935386	0.0110197	5.93934	0.635931
5.4009	6.4475	0.65	0.675	0.941166	0.0215619	6.20864	0.657623
6.4475	7.6969	0.425	0.45	0.94555	0.0187252	6.53769	0.443649
6.4475	7.6969	0.45	0.475	0.952035	0.0097004	6.67854	0.463722
6.4475	7.6969	0.475	0.5	0.946822	0.00808826	6.83605	0.487952
6.4475	7.6969	0.5	0.525	0.945213	0.00765297	6.9763	0.51242
6.4475	7.6969	0.525	0.55	0.939404	0.00810879	7.00373	0.537124
6.4475	7.6969	0.55	0.575	0.945249	0.00891394	7.00549	0.562212
6.4475	7.6969	0.575	0.6	0.961748	0.00995575	7.00819	0.587135
6.4475	7.6969	0.6	0.625	0.945104	0.0107363	7.01521	0.612026
6.4475	7.6969	0.625	0.65	0.949024	0.011965	7.01681	0.637018
6.4475	7.6969	0.65	0.675	0.938467	0.0131577	7.01794	0.662029
6.4475	7.6969	0.675	0.7	0.975714	0.0190167	7.20595	0.6847
6.4475	7.6969	0.7	0.725	0.921051	0.0610697	7.5461	0.703807
7.6969	9.1884	0.5	0.525	1.01282	0.0627797	7.74557	0.521652
7.6969	9.1884	0.525	0.55	0.936674	0.0192533	7.87263	0.539271
7.6969	9.1884	0.55	0.575	0.923687	0.0148577	8.04277	0.563085
7.6969	9.1884	0.575	0.6	0.915442	0.0136704	8.20311	0.587732
7.6969	9.1884	0.6	0.625	0.93823	0.0137622	8.33224	0.612382
7.6969	9.1884	0.625	0.65	0.940145	0.0151196	8.35421	0.637094
7.6969	9.1884	0.65	0.675	0.927633	0.0165427	8.34095	0.661994
7.6969	9.1884	0.675	0.7	0.920462	0.0180651	8.33672	0.686992
7.6969	9.1884	0.7	0.725	0.933527	0.0214267	8.39781	0.711004
7.6969	9.1884	0.725	0.75	0.883923	0.0450844	8.81626	0.73172
