2.2277	2.6594	0.075	0.1	0	0	0	0
2.2277	2.6594	0.1	0.125	0	0	0	0
2.2277	2.6594	0.125	0.15	1.06214	0.0632811	2.23205	0.149692
2.2277	2.6594	0.15	0.175	0.968841	0.00238044	2.35369	0.165675
2.2277	2.6594	0.175	0.2	0.974161	0.00195137	2.44412	0.186777
2.2277	2.6594	0.2	0.225	0.976796	0.00228915	2.44302	0.211929
2.2277	2.6594	0.225	0.25	0.985414	0.00261559	2.44186	0.237026
2.2277	2.6594	0.25	0.275	0.987579	0.0029406	2.44332	0.262028
2.2277	2.6594	0.275	0.3	0.988759	0.00327448	2.44464	0.28709
2.2277	2.6594	0.3	0.325	0.988118	0.00362584	2.44532	0.312102
2.2277	2.6594	0.325	0.35	0.980644	0.0039714	2.44551	0.337062
2.2277	2.6594	0.35	0.375	0.990784	0.00441394	2.44605	0.362126
2.2277	2.6594	0.375	0.4	0.992319	0.00485404	2.44578	0.387094
2.2277	2.6594	0.4	0.425	0.990528	0.00537351	2.45099	0.41184
2.2277	2.6594	0.425	0.45	1.00485	0.00789671	2.53119	0.435004
2.2277	2.6594	0.45	0.475	0.961115	0.02627	2.62335	0.453395
2.2277	2.6594	0.475	0.5	0	0	0	0
2.2277	2.6594	0.5	0.525	0	0	0	0
2.2277	2.6594	0.525	0.55	0	0	0	0
2.2277	2.6594	0.55	0.575	0	0	0	0
2.2277	2.6594	0.575	0.6	0	0	0	0
2.2277	2.6594	0.6	0.625	0	0	0	0
2.2277	2.6594	0.625	0.65	0	0	0	0
2.2277	2.6594	0.65	0.675	0	0	0	0
2.2277	2.6594	0.675	0.7	0	0	0	0
2.2277	2.6594	0.7	0.725	0	0	0	0
2.2277	2.6594	0.725	0.75	0	0	0	0
2.2277	2.6594	0.75	0.775	0	0	0	0
2.2277	2.6594	0.775	0.8	0	0	0	0
2.2277	2.6594	0.8	0.825	0	0	0	0
2.2277	2.6594	0.825	0.85	0	0	0	0
2.2277	2.6594	0.85	0.875	0	0	0	0
2.6594	3.1747	0.075	0.1	0	0	0	0
2.6594	3.1747	0.1	0.125	0	0	0	0
2.6594	3.1747	0.125	0.15	0	0	0	0
2.6594	3.1747	0.15	0.175	0	0	0	0
2.6594	3.1747	0.175	0.2	0.96168	0.00340294	2.76619	0.192187
2.6594	3.1747	0.2	0.225	0.965456	0.00222235	2.89434	0.212657
2.6594	3.1747	0.225	0.25	0.97872	0.00247917	2.91286	0.236965
2.6594	3.1747	0.25	0.275	0.976825	0.00278816	2.9105	0.262063
2.6594	3.1747	0.275	0.3	0.982087	0.00310124	2.9106	0.287061
2.6594	3.1747	0.3	0.325	0.981878	0.00341869	2.91116	0.31209
2.6594	3.1747	0.325	0.35	0.987764	0.00378665	2.91021	0.337138
2.6594	3.1747	0.35	0.375	0.987029	0.004148	2.91025	0.362133
2.6594	3.1747	0.375	0.4	0.990306	0.00454857	2.91018	0.38714
2.6594	3.1747	0.4	0.425	0.991057	0.00497852	2.91092	0.412155
2.6594	3.1747	0.425	0.45	0.988564	0.00542191	2.91061	0.437144
2.6594	3.1747	0.45	0.475	0.996406	0.00623933	2.93111	0.461349
2.6594	3.1747	0.475	0.5	0.987384	0.0102969	3.04919	0.484116
2.6594	3.1747	0.5	0.525	1.02222	0.0755068	3.15594	0.501473
2.6594	3.1747	0.525	0.55	0	0	0	0
2.6594	3.1747	0.55	0.575	0	0	0	0
2.6594	3.1747	0.575	0.6	0	0	0	0
2.6594	3.1747	0.6	0.625	0	0	0	0
2.6594	3.1747	0.625	0.65	0	0	0	0
2.6594	3.1747	0.65	0.675	0	0	0	0
2.6594	3.1747	0.675	0.7	0	0	0	0
2.6594	3.1747	0.7	0.725	0	0	0	0
2.6594	3.1747	0.725	0.75	0	0	0	0
2.6594	3.1747	0.75	0.775	0	0	0	0
2.6594	3.1747	0.775	0.8	0	0	0	0
2.6594	3.1747	0.8	0.825	0	0	0	0
2.6594	3.1747	0.825	0.85	0	0	0	0
2.6594	3.1747	0.85	0.875	0	0	0	0
3.1747	3.7899	0.075	0.1	0	0	0	0
3.1747	3.7899	0.1	0.125	0	0	0	0
3.1747	3.7899	0.125	0.15	0	0	0	0
3.1747	3.7899	0.15	0.175	0	0	0	0
3.1747	3.7899	0.175	0.2	0	0	0	0
3.1747	3.7899	0.2	0.225	0.962427	0.00751794	3.236	0.220707
3.1747	3.7899	0.225	0.25	0.961892	0.00303229	3.36911	0.238942
3.1747	3.7899	0.25	0.275	0.973488	0.00275151	3.47095	0.262054
3.1747	3.7899	0.275	0.3	0.973784	0.00308191	3.47316	0.287055
3.1747	3.7899	0.3	0.325	0.981599	0.00344259	3.47246	0.312084
3.1747	3.7899	0.325	0.35	0.980854	0.00377379	3.47119	0.337111
3.1747	3.7899	0.35	0.375	0.984123	0.00417103	3.47011	0.362102
3.1747	3.7899	0.375	0.4	0.983014	0.00455361	3.47027	0.387149
3.1747	3.7899	0.4	0.425	0.990555	0.00502762	3.47091	0.412128
3.1747	3.7899	0.425	0.45	0.9854	0.00546995	3.47029	0.437129
3.1747	3.7899	0.45	0.475	0.978625	0.0059285	3.47073	0.462132
3.1747	3.7899	0.475	0.5	0.988629	0.00653812	3.46921	0.487131
3.1747	3.7899	0.5	0.525	0.9865	0.0079113	3.51666	0.510758
3.1747	3.7899	0.525	0.55	0.996678	0.0156129	3.66915	0.532532
3.1747	3.7899	0.55	0.575	0	0	0	0
3.1747	3.7899	0.575	0.6	0	0	0	0
3.1747	3.7899	0.6	0.625	0	0	0	0
3.1747	3.7899	0.625	0.65	0	0	0	0
3.1747	3.7899	0.65	0.675	0	0	0	0
3.1747	3.7899	0.675	0.7	0	0	0	0
3.1747	3.7899	0.7	0.725	0	0	0	0
3.1747	3.7899	0.725	0.75	0	0	0	0
3.1747	3.7899	0.75	0.775	0	0	0	0
3.1747	3.7899	0.775	0.8	0	0	0	0
3.1747	3.7899	0.8	0.825	0	0	0	0
3.1747	3.7899	0.825	0.85	0	0	0	0
3.1747	3.7899	0.85	0.875	0	0	0	0
3.7899	4.5243	0.075	0.1	0	0	0	0
3.7899	4.5243	0.1	0.125	0	0	0	0
3.7899	4.5243	0.125	0.15	0	0	0	0
3.7899	4.5243	0.15	0.175	0	0	0	0
3.7899	4.5243	0.175	0.2	0	0	0	0
3.7899	4.5243	0.2	0.225	0	0	0	0
3.7899	4.5243	0.225	0.25	0	0	0	0
3.7899	4.5243	0.25	0.275	0.954656	0.00621885	3.89358	0.267538
3.7899	4.5243	0.275	0.3	0.960643	0.00368521	4.04483	0.288452
3.7899	4.5243	0.3	0.325	0.964844	0.00347753	4.14082	0.312069
3.7899	4.5243	0.325	0.35	0.976536	0.0038912	4.13913	0.337126
3.7899	4.5243	0.35	0.375	0.97391	0.00426464	4.13982	0.362109
3.7899	4.5243	0.375	0.4	0.975924	0.00467949	4.14079	0.387098
3.7899	4.5243	0.4	0.425	0.975572	0.00512237	4.14152	0.412116
3.7899	4.5243	0.425	0.45	0.981926	0.00565927	4.14212	0.437121
3.7899	4.5243	0.45	0.475	0.9757	0.00616351	4.14122	0.462141
3.7899	4.5243	0.475	0.5	0.979737	0.00676548	4.14142	0.487123
3.7899	4.5243	0.5	0.525	0.978374	0.0074029	4.1401	0.51211
3.7899	4.5243	0.525	0.55	0.986364	0.00821449	4.13819	0.53706
3.7899	4.5243	0.55	0.575	0.989611	0.0109308	4.23849	0.560315
3.7899	4.5243	0.575	0.6	0.991451	0.0273147	4.41734	0.580372
3.7899	4.5243	0.6	0.625	0	0	0	0
3.7899	4.5243	0.625	0.65	0	0	0	0
3.7899	4.5243	0.65	0.675	0	0	0	0
3.7899	4.5243	0.675	0.7	0	0	0	0
3.7899	4.5243	0.7	0.725	0	0	0	0
3.7899	4.5243	0.725	0.75	0	0	0	0
3.7899	4.5243	0.75	0.775	0	0	0	0
3.7899	4.5243	0.775	0.8	0	0	0	0
3.7899	4.5243	0.8	0.825	0	0	0	0
3.7899	4.5243	0.825	0.85	0	0	0	0
3.7899	4.5243	0.85	0.875	0	0	0	0
4.5243	5.4009	0.075	0.1	0	0	0	0
4.5243	5.4009	0.1	0.125	0	0	0	0
4.5243	5.4009	0.125	0.15	0	0	0	0
4.5243	5.4009	0.15	0.175	0	0	0	0
4.5243	5.4009	0.175	0.2	0	0	0	0
4.5243	5.4009	0.2	0.225	0	0	0	0
4.5243	5.4009	0.225	0.25	0	0	0	0
4.5243	5.4009	0.25	0.275	0	0	0	0
4.5243	5.4009	0.275	0.3	0	0	0	0
4.5243	5.4009	0.3	0.325	0.952117	0.00847129	4.63057	0.317287
4.5243	5.4009	0.325	0.35	0.964246	0.00515387	4.78209	0.338428
4.5243	5.4009	0.35	0.375	0.964579	0.00459638	4.92262	0.36246
4.5243	5.4009	0.375	0.4	0.966776	0.00496969	4.939	0.387092
4.5243	5.4009	0.4	0.425	0.96877	0.0054625	4.93722	0.412129
4.5243	5.4009	0.425	0.45	0.977358	0.00601577	4.93621	0.437121
4.5243	5.4009	0.45	0.475	0.978099	0.00656599	4.9359	0.462176
4.5243	5.4009	0.475	0.5	0.978256	0.00720405	4.93738	0.487095
4.5243	5.4009	0.5	0.525	0.969672	0.00778878	4.93885	0.512119
4.5243	5.4009	0.525	0.55	0.975693	0.00865581	4.93658	0.537159
4.5243	5.4009	0.55	0.575	0.974138	0.00954121	4.93616	0.562108
4.5243	5.4009	0.575	0.6	0.959757	0.0104517	4.94809	0.586781
4.5243	5.4009	0.6	0.625	0.991807	0.0165313	5.12733	0.60962
4.5243	5.4009	0.625	0.65	0.91305	0.0612	5.32986	0.627974
4.5243	5.4009	0.65	0.675	0	0	0	0
4.5243	5.4009	0.675	0.7	0	0	0	0
4.5243	5.4009	0.7	0.725	0	0	0	0
4.5243	5.4009	0.725	0.75	0	0	0	0
4.5243	5.4009	0.75	0.775	0	0	0	0
4.5243	5.4009	0.775	0.8	0	0	0	0
4.5243	5.4009	0.8	0.825	0	0	0	0
4.5243	5.4009	0.825	0.85	0	0	0	0
4.5243	5.4009	0.85	0.875	0	0	0	0
5.4009	6.4475	0.075	0.1	0	0	0	0
5.4009	6.4475	0.1	0.125	0	0	0	0
5.4009	6.4475	0.125	0.15	0	0	0	0
5.4009	6.4475	0.15	0.175	0	0	0	0
5.4009	6.4475	0.175	0.2	0	0	0	0
5.4009	6.4475	0.2	0.225	0	0	0	0
5.4009	6.4475	0.225	0.25	0	0	0	0
5.4009	6.4475	0.25	0.275	0	0	0	0
5.4009	6.4475	0.275	0.3	0	0	0	0
5.4009	6.4475	0.3	0.325	0	0	0	0
5.4009	6.4475	0.325	0.35	0	0	0	0
5.4009	6.4475	0.35	0.375	0.965594	0.0207535	5.4667	0.370345
5.4009	6.4475	0.375	0.4	0.959465	0.00853059	5.59836	0.389025
5.4009	6.4475	0.4	0.425	0.960711	0.00692494	5.75994	0.412997
5.4009	6.4475	0.425	0.45	0.96368	0.0066159	5.87442	0.43727
5.4009	6.4475	0.45	0.475	0.97199	0.00726158	5.88512	0.462104
5.4009	6.4475	0.475	0.5	0.962199	0.00784606	5.88859	0.487121
5.4009	6.4475	0.5	0.525	0.948653	0.00848811	5.88728	0.512121
5.4009	6.4475	0.525	0.55	0.969233	0.00951977	5.88769	0.537101
5.4009	6.4475	0.55	0.575	0.975938	0.010526	5.8892	0.562039
5.4009	6.4475	0.575	0.6	0.954952	0.0113787	5.8859	0.587093
5.4009	6.4475	0.6	0.625	0.984629	0.0129763	5.88593	0.612106
5.4009	6.4475	0.625	0.65	1.01313	0.0157717	5.93817	0.635932
5.4009	6.4475	0.65	0.675	0.974705	0.02986	6.21079	0.657524
5.4009	6.4475	0.675	0.7	0	0	0	0
5.4009	6.4475	0.7	0.725	0	0	0	0
5.4009	6.4475	0.725	0.75	0	0	0	0
5.4009	6.4475	0.75	0.775	0	0	0	0
5.4009	6.4475	0.775	0.8	0	0	0	0
5.4009	6.4475	0.8	0.825	0	0	0	0
5.4009	6.4475	0.825	0.85	0	0	0	0
5.4009	6.4475	0.85	0.875	0	0	0	0
6.4475	7.6969	0.075	0.1	0	0	0	0
6.4475	7.6969	0.1	0.125	0	0	0	0
6.4475	7.6969	0.125	0.15	0	0	0	0
6.4475	7.6969	0.15	0.175	0	0	0	0
6.4475	7.6969	0.175	0.2	0	0	0	0
6.4475	7.6969	0.2	0.225	0	0	0	0
6.4475	7.6969	0.225	0.25	0	0	0	0
6.4475	7.6969	0.25	0.275	0	0	0	0
6.4475	7.6969	0.275	0.3	0	0	0	0
6.4475	7.6969	0.3	0.325	0	0	0	0
6.4475	7.6969	0.325	0.35	0	0	0	0
6.4475	7.6969	0.35	0.375	0	0	0	0
6.4475	7.6969	0.375	0.4	0	0	0	0
6.4475	7.6969	0.4	0.425	0	0	0	0
6.4475	7.6969	0.425	0.45	0.989296	0.0264989	6.5362	0.443797
6.4475	7.6969	0.45	0.475	0.961454	0.0133961	6.67691	0.463691
6.4475	7.6969	0.475	0.5	0.954325	0.0110321	6.83593	0.487939
6.4475	7.6969	0.5	0.525	0.966775	0.0105247	6.97226	0.512508
6.4475	7.6969	0.525	0.55	0.934073	0.0108411	7.00193	0.537186
6.4475	7.6969	0.55	0.575	0.951634	0.0120516	7.00484	0.562146
6.4475	7.6969	0.575	0.6	0.93488	0.0129694	7.01189	0.587095
6.4475	7.6969	0.6	0.625	0.960624	0.0146238	7.01173	0.612107
6.4475	7.6969	0.625	0.65	0.954344	0.0160763	7.01784	0.637012
6.4475	7.6969	0.65	0.675	0.994289	0.018527	7.02213	0.662187
6.4475	7.6969	0.675	0.7	0.947715	0.0249173	7.21246	0.684789
6.4475	7.6969	0.7	0.725	1.05116	0.0947001	7.54523	0.703707
6.4475	7.6969	0.725	0.75	0	0	0	0
6.4475	7.6969	0.75	0.775	0	0	0	0
6.4475	7.6969	0.775	0.8	0	0	0	0
6.4475	7.6969	0.8	0.825	0	0	0	0
6.4475	7.6969	0.825	0.85	0	0	0	0
6.4475	7.6969	0.85	0.875	0	0	0	0
7.6969	9.1884	0.075	0.1	0	0	0	0
7.6969	9.1884	0.1	0.125	0	0	0	0
7.6969	9.1884	0.125	0.15	0	0	0	0
7.6969	9.1884	0.15	0.175	0	0	0	0
7.6969	9.1884	0.175	0.2	0	0	0	0
7.6969	9.1884	0.2	0.225	0	0	0	0
7.6969	9.1884	0.225	0.25	0	0	0	0
7.6969	9.1884	0.25	0.275	0	0	0	0
7.6969	9.1884	0.275	0.3	0	0	0	0
7.6969	9.1884	0.3	0.325	0	0	0	0
7.6969	9.1884	0.325	0.35	0	0	0	0
7.6969	9.1884	0.35	0.375	0	0	0	0
7.6969	9.1884	0.375	0.4	0	0	0	0
7.6969	9.1884	0.4	0.425	0	0	0	0
7.6969	9.1884	0.425	0.45	0	0	0	0
7.6969	9.1884	0.45	0.475	0	0	0	0
7.6969	9.1884	0.475	0.5	0	0	0	0
7.6969	9.1884	0.5	0.525	1.06261	0.0884039	7.74461	0.521553
7.6969	9.1884	0.525	0.55	0.969667	0.0263907	7.87415	0.539233
7.6969	9.1884	0.55	0.575	0.95176	0.020392	8.04247	0.563133
7.6969	9.1884	0.575	0.6	0.918573	0.0182844	8.20624	0.587507
7.6969	9.1884	0.6	0.625	0.935214	0.0184729	8.34642	0.612326
7.6969	9.1884	0.625	0.65	0.935452	0.0200307	8.34242	0.636968
7.6969	9.1884	0.65	0.675	0.957356	0.0226599	8.33949	0.662159
7.6969	9.1884	0.675	0.7	0.998897	0.0259185	8.33103	0.686951
7.6969	9.1884	0.7	0.725	0.934824	0.0287229	8.4015	0.71103
7.6969	9.1884	0.725	0.75	0.937427	0.061234	8.82229	0.731647
7.6969	9.1884	0.75	0.775	0	0	0	0
7.6969	9.1884	0.775	0.8	0	0	0	0
7.6969	9.1884	0.8	0.825	0	0	0	0
7.6969	9.1884	0.825	0.85	0	0	0	0
7.6969	9.1884	0.85	0.875	0	0	0	0
9.1884	10.9689	0.075	0.1	0	0	0	0
9.1884	10.9689	0.1	0.125	0	0	0	0
9.1884	10.9689	0.125	0.15	0	0	0	0
9.1884	10.9689	0.15	0.175	0	0	0	0
9.1884	10.9689	0.175	0.2	0	0	0	0
9.1884	10.9689	0.2	0.225	0	0	0	0
9.1884	10.9689	0.225	0.25	0	0	0	0
9.1884	10.9689	0.25	0.275	0	0	0	0
9.1884	10.9689	0.275	0.3	0	0	0	0
9.1884	10.9689	0.3	0.325	0	0	0	0
9.1884	10.9689	0.325	0.35	0	0	0	0
9.1884	10.9689	0.35	0.375	0	0	0	0
9.1884	10.9689	0.375	0.4	0	0	0	0
9.1884	10.9689	0.4	0.425	0	0	0	0
9.1884	10.9689	0.425	0.45	0	0	0	0
9.1884	10.9689	0.45	0.475	0	0	0	0
9.1884	10.9689	0.475	0.5	0	0	0	0
9.1884	10.9689	0.5	0.525	0	0	0	0
9.1884	10.9689	0.525	0.55	0	0	0	0
9.1884	10.9689	0.55	0.575	0	0	0	0
9.1884	10.9689	0.575	0.6	0	0	0	0
9.1884	10.9689	0.6	0.625	0	0	0	0
9.1884	10.9689	0.625	0.65	0	0	0	0
9.1884	10.9689	0.65	0.675	0	0	0	0
9.1884	10.9689	0.675	0.7	0	0	0	0
9.1884	10.9689	0.7	0.725	0	0	0	0
9.1884	10.9689	0.725	0.75	0	0	0	0
9.1884	10.9689	0.75	0.775	0	0	0	0
9.1884	10.9689	0.775	0.8	0	0	0	0
9.1884	10.9689	0.8	0.825	0	0	0	0
9.1884	10.9689	0.825	0.85	0	0	0	0
9.1884	10.9689	0.85	0.875	0	0	0	0
